start    21  1979     1     6     6
  307.19   -7.25   17.20  985.33   0.00084551  1979     1     6     6
  306.56   -7.25   18.08  985.60   0.00094028  1979     1     6    12
  305.94   -7.25   17.51  984.26   0.00072169  1979     1     6    18
  305.31   -7.75   17.36  984.62   0.00083529  1979     1     7     0
  304.69   -8.25   17.87  983.36   0.00065411  1979     1     7     6
  303.44   -8.25   19.57  983.83   0.00091962  1979     1     7    12
  302.19   -8.25   18.90  982.90   0.00079054  1979     1     7    18
  300.94   -8.25   17.54  983.56   0.00070777  1979     1     8     0
  300.31   -8.25   20.36  980.03   0.00088348  1979     1     8     6
  299.06   -8.75   21.40  980.50   0.00083164  1979     1     8    12
  298.44   -8.25   22.45  979.24   0.00089661  1979     1     8    18
  297.19   -8.75   21.92  980.20   0.00078454  1979     1     9     0
  295.94   -8.75   24.78  976.96   0.00119578  1979     1     9     6
  294.69   -9.25   25.54  979.69   0.00112647  1979     1     9    12
  293.44   -9.25   24.44  979.28   0.00098319  1979     1     9    18
  292.19   -9.75   22.87  979.29   0.00117568  1979     1    10     0
  290.94   -9.75   20.89  982.32   0.00070907  1979     1    10     6
  290.31  -10.25   21.73  982.57   0.00092537  1979     1    10    12
  289.06  -10.75   21.81  981.81   0.00079112  1979     1    10    18
  288.44  -11.25   22.43  981.39   0.00089318  1979     1    11     0
  287.81  -11.75   24.36  979.88   0.00105148  1979     1    11     6
start    22  1979     1     6     6
  230.94   -6.25   18.08  986.46   0.00088618  1979     1     6     6
  230.31   -6.25   15.83  983.32   0.00070474  1979     1     6    12
  229.69   -6.75   20.46  983.91   0.00078606  1979     1     6    18
  229.06   -6.75   20.03  980.27   0.00087146  1979     1     7     0
  228.44   -7.25   18.03  984.29   0.00062653  1979     1     7     6
  227.19   -7.25   18.90  981.76   0.00093685  1979     1     7    12
  225.94   -7.75   20.88  984.24   0.00072673  1979     1     7    18
  225.31   -7.75   18.70  981.05   0.00073788  1979     1     8     0
  224.06   -8.25   17.05  983.02   0.00069745  1979     1     8     6
  222.81   -8.25   15.66  982.02   0.00064366  1979     1     8    12
  221.56   -8.25   17.54  983.84   0.00071302  1979     1     8    18
  220.94   -9.25   19.97  979.81   0.00080270  1979     1     9     0
  220.31   -9.25   18.46  979.37   0.00101925  1979     1     9     6
  219.69   -9.75   21.93  978.15   0.00090367  1979     1     9    12
  219.69  -10.25   23.14  980.11   0.00086391  1979     1     9    18
  219.06  -10.75   20.68  978.28   0.00081361  1979     1    10     0
  218.44  -10.75   23.49  976.46   0.00149812  1979     1    10     6
  217.81  -11.25   20.71  978.39   0.00085750  1979     1    10    12
  217.81  -11.75   20.59  980.79   0.00074798  1979     1    10    18
  218.44  -12.75   20.30  980.54   0.00066358  1979     1    11     0
  219.69  -13.75   22.24  981.55   0.00070964  1979     1    11     6
  220.94  -14.75   22.78  980.16   0.00080807  1979     1    11    12
start    22  1979     1     6     6
  245.31   -6.25   16.71  988.48   0.00052618  1979     1     6     6
  244.69   -6.25   15.61  985.33   0.00056041  1979     1     6    12
  244.06   -6.25   16.50  986.65   0.00054755  1979     1     6    18
  242.81   -6.75   17.40  983.20   0.00065561  1979     1     7     0
  242.19   -6.75   16.86  985.98   0.00047324  1979     1     7     6
  241.56   -7.25   16.18  984.46   0.00047132  1979     1     7    12
  240.31   -7.75   19.53  985.72   0.00080704  1979     1     7    18
  239.06   -7.75   16.87  982.87   0.00057532  1979     1     8     0
  237.81   -8.25   14.64  985.40   0.00050046  1979     1     8     6
  236.56   -8.25   14.52  984.08   0.00048739  1979     1     8    12
  235.31   -8.75   17.24  985.95   0.00072957  1979     1     8    18
  234.69   -9.25   14.60  984.08   0.00059531  1979     1     9     0
  233.44   -9.75   13.45  985.61   0.00044978  1979     1     9     6
  232.81   -9.75   13.33  984.28   0.00066254  1979     1     9    12
  231.56  -10.25   15.16  985.84   0.00069283  1979     1     9    18
  230.94  -10.75   12.57  983.90   0.00049637  1979     1    10     0
  230.94  -11.25   13.69  985.89   0.00048462  1979     1    10     6
  230.31  -11.75   17.32  984.19   0.00064104  1979     1    10    12
  229.69  -11.75   19.57  983.08   0.00108661  1979     1    10    18
  229.06  -12.75   16.67  982.86   0.00059154  1979     1    11     0
  229.06  -13.75   16.73  985.13   0.00048921  1979     1    11     6
  229.06  -14.75   20.35  982.46   0.00085624  1979     1    11    12
start    29  1979     1     6    12
  324.06   -6.75   17.56  988.48   0.00094015  1979     1     6    12
  324.06   -7.25   15.63  985.55   0.00059348  1979     1     6    18
  323.44   -7.75   13.55  987.39   0.00048192  1979     1     7     0
  322.81   -7.75   14.99  984.64   0.00046822  1979     1     7     6
  322.19   -8.25   17.98  985.41   0.00069364  1979     1     7    12
  320.94   -8.25   19.34  981.34   0.00078975  1979     1     7    18
  320.31   -8.25   21.03  981.39   0.00103333  1979     1     8     0
  319.06   -8.25   21.60  978.54   0.00096700  1979     1     8     6
  318.44   -7.75   21.83  980.70   0.00079349  1979     1     8    12
  317.19   -7.75   23.48  975.99   0.00100923  1979     1     8    18
  315.94   -7.75   22.69  978.59   0.00095162  1979     1     9     0
  314.06   -7.75   21.36  978.36   0.00083529  1979     1     9     6
  313.44   -8.25   22.89  979.41   0.00077358  1979     1     9    12
  312.19   -8.25   22.57  975.45   0.00088046  1979     1     9    18
  310.94   -8.75   20.79  978.37   0.00092853  1979     1    10     0
  309.69   -8.75   21.87  977.12   0.00111496  1979     1    10     6
  309.06   -8.75   18.82  980.93   0.00085605  1979     1    10    12
  308.44   -8.75   19.17  980.83   0.00081169  1979     1    10    18
  307.81   -8.75   20.14  981.24   0.00091528  1979     1    11     0
  307.19   -8.25   22.28  981.07   0.00082945  1979     1    11     6
  306.56   -8.25   23.84  982.25   0.00103288  1979     1    11    12
  305.31   -7.75   22.78  980.84   0.00115083  1979     1    11    18
  304.69   -7.25   18.04  985.10   0.00079407  1979     1    12     0
  303.44   -7.25   19.46  985.16   0.00077942  1979     1    12     6
  302.81   -7.25   17.11  987.01   0.00060850  1979     1    12    12
  300.94   -7.25   17.57  985.65   0.00065657  1979     1    12    18
  299.69   -7.75   21.73  984.19   0.00101539  1979     1    13     0
  299.06   -8.75   19.95  986.44   0.00067613  1979     1    13     6
  297.81   -9.75   19.06  988.60   0.00062331  1979     1    13    12
start    38  1979     1     6    12
  125.31   -5.75   15.51  986.02   0.00066035  1979     1     6    12
  124.69   -5.75   16.08  984.76   0.00073129  1979     1     6    18
  123.44   -6.25   18.80  984.47   0.00092603  1979     1     7     0
  122.81   -6.25   17.81  982.11   0.00098944  1979     1     7     6
  122.19   -6.75   15.93  984.83   0.00054048  1979     1     7    12
  120.94   -6.75   18.06  982.07   0.00083596  1979     1     7    18
  120.31   -7.25   20.06  982.83   0.00094712  1979     1     8     0
  119.69   -7.25   15.92  982.26   0.00062148  1979     1     8     6
  118.44   -7.75   17.46  983.50   0.00069134  1979     1     8    12
  117.81   -7.75   17.47  980.68   0.00087256  1979     1     8    18
  117.19   -7.75   20.05  982.27   0.00081157  1979     1     9     0
  115.94   -8.25   17.99  980.57   0.00077634  1979     1     9     6
  115.31   -8.75   16.45  981.06   0.00070831  1979     1     9    12
  114.69   -8.75   17.08  980.76   0.00068357  1979     1     9    18
  114.06   -8.75   20.37  980.10   0.00088229  1979     1    10     0
  112.81   -8.75   19.86  977.35   0.00101369  1979     1    10     6
  112.19   -8.75   20.16  978.50   0.00082846  1979     1    10    12
  110.94   -8.75   21.99  978.55   0.00098998  1979     1    10    18
  110.31   -8.75   20.04  979.86   0.00078523  1979     1    11     0
  109.69   -8.75   19.29  981.61   0.00067128  1979     1    11     6
  108.44   -8.75   20.28  978.94   0.00090687  1979     1    11    12
  107.81   -8.75   22.65  978.06   0.00109516  1979     1    11    18
  107.19   -8.75   21.30  978.71   0.00106649  1979     1    12     0
  106.56   -9.25   22.67  978.95   0.00098218  1979     1    12     6
  106.56   -9.25   20.44  981.10   0.00080778  1979     1    12    12
  106.56   -9.75   19.97  981.86   0.00080443  1979     1    12    18
  106.56  -10.25   20.53  982.58   0.00083991  1979     1    13     0
  106.56  -10.75   20.76  981.82   0.00087511  1979     1    13     6
  107.19  -11.25   20.23  982.45   0.00087503  1979     1    13    12
  107.81  -11.75   20.21  982.59   0.00084680  1979     1    13    18
  108.44  -12.25   20.72  982.95   0.00092783  1979     1    14     0
  109.69  -12.75   20.82  984.62   0.00078024  1979     1    14     6
  110.31  -12.75   19.06  985.03   0.00063505  1979     1    14    12
  111.56  -13.25   19.65  984.99   0.00079181  1979     1    14    18
  112.81  -13.75   20.04  984.81   0.00091563  1979     1    15     0
  114.06  -14.25   17.49  986.21   0.00066535  1979     1    15     6
  115.31  -14.75   15.53  988.20   0.00045797  1979     1    15    12
  116.56  -15.75   14.63  988.14   0.00041944  1979     1    15    18
start    19  1979     1     6    12
  330.94    7.75   15.98  988.93   0.00086313  1979     1     6    12
  330.31    7.75   15.13  986.61   0.00056333  1979     1     6    18
  330.31    7.75   13.45  987.84   0.00041833  1979     1     7     0
  329.69    8.25   16.08  984.79   0.00067291  1979     1     7     6
  329.69    8.25   17.10  986.77   0.00064509  1979     1     7    12
  329.06    8.75   16.97  983.71   0.00063064  1979     1     7    18
  328.44    9.25   17.00  985.87   0.00060342  1979     1     8     0
  327.81    9.25   18.05  982.79   0.00090506  1979     1     8     6
  327.19    9.25   18.88  983.67   0.00087271  1979     1     8    12
  326.56    9.25   18.04  982.33   0.00070878  1979     1     8    18
  325.94    9.25   16.59  984.13   0.00065635  1979     1     9     0
  325.31    9.25   18.81  982.22   0.00079292  1979     1     9     6
  324.69    9.25   19.90  984.91   0.00074194  1979     1     9    12
  323.44    9.25   16.17  982.95   0.00063378  1979     1     9    18
  322.81    9.25   15.06  985.29   0.00056274  1979     1    10     0
  322.19    9.25   13.32  985.33   0.00046344  1979     1    10     6
  320.94    9.25   14.01  987.18   0.00063192  1979     1    10    12
  320.31    9.75   12.89  986.46   0.00043495  1979     1    10    18
  320.94    9.25   10.54  988.20   0.00028617  1979     1    11     0
start    20  1979     1     6    18
   56.56    7.75   18.39  986.20   0.00084125  1979     1     6    18
   55.94    8.25   21.24  983.21   0.00069994  1979     1     7     0
   54.69    8.25   21.72  983.36   0.00081950  1979     1     7     6
   54.06    8.25   22.28  979.75   0.00079231  1979     1     7    12
   54.06    7.75   22.44  980.65   0.00079009  1979     1     7    18
   53.44    7.75   21.16  978.04   0.00096114  1979     1     8     0
   52.81    7.75   23.38  977.93   0.00117355  1979     1     8     6
   52.19    7.75   21.17  978.59   0.00082195  1979     1     8    12
   50.94    7.75   20.24  978.70   0.00098076  1979     1     8    18
   50.31    7.75   22.05  977.46   0.00083685  1979     1     9     0
   49.06    7.75   24.65  976.44   0.00114818  1979     1     9     6
   47.81    7.75   23.04  976.77   0.00087847  1979     1     9    12
   47.19    8.25   22.61  976.07   0.00110116  1979     1     9    18
   46.56    8.75   25.99  972.82   0.00128964  1979     1    10     0
   45.94    8.75   26.05  974.62   0.00153664  1979     1    10     6
   45.94    9.25   22.50  976.39   0.00087258  1979     1    10    12
   45.31    8.75   20.77  979.08   0.00101144  1979     1    10    18
   45.31    8.75   18.44  981.16   0.00082074  1979     1    11     0
   45.31    9.25   15.87  985.00   0.00042285  1979     1    11     6
   45.31    9.25   14.83  984.48   0.00033497  1979     1    11    12
start    22  1979     1     7     0
   55.94   -8.25   16.26  985.62   0.00066495  1979     1     7     0
   55.31   -8.25   18.74  985.43   0.00067714  1979     1     7     6
   54.69   -8.25   19.94  980.97   0.00085966  1979     1     7    12
   54.06   -8.25   19.28  983.36   0.00067762  1979     1     7    18
   52.81   -8.25   20.67  980.35   0.00081646  1979     1     8     0
   52.19   -8.25   20.54  980.42   0.00096761  1979     1     8     6
   51.56   -8.25   21.08  978.53   0.00081761  1979     1     8    12
   50.31   -8.25   20.43  979.44   0.00079938  1979     1     8    18
   49.69   -8.25   23.61  974.64   0.00113461  1979     1     9     0
   49.06   -8.25   22.79  978.74   0.00080824  1979     1     9     6
   47.81   -8.25   22.42  975.05   0.00101786  1979     1     9    12
   47.19   -7.75   21.64  977.28   0.00081617  1979     1     9    18
   45.94   -7.75   23.41  973.82   0.00120708  1979     1    10     0
   45.31   -7.75   26.54  973.15   0.00130512  1979     1    10     6
   44.69   -8.25   21.38  975.49   0.00093039  1979     1    10    12
   44.69   -7.75   20.39  978.57   0.00108122  1979     1    10    18
   44.06   -7.75   18.52  981.16   0.00066118  1979     1    11     0
   44.06   -8.25   18.06  984.29   0.00052854  1979     1    11     6
   44.06   -8.25   14.58  983.88   0.00038274  1979     1    11    12
   43.44   -8.25   14.12  985.22   0.00041993  1979     1    11    18
   43.44   -8.25   14.53  985.75   0.00051611  1979     1    12     0
   42.81   -8.25   12.96  988.73   0.00044786  1979     1    12     6
start    44  1979     1     7     0
   84.69   -7.75   15.72  986.95   0.00062985  1979     1     7     0
   84.06   -7.75   15.33  986.86   0.00055816  1979     1     7     6
   84.06   -7.75   13.43  985.34   0.00046364  1979     1     7    12
   83.44   -8.25   15.72  985.07   0.00051158  1979     1     7    18
   82.81   -8.25   19.75  981.49   0.00090348  1979     1     8     0
   82.19   -8.25   21.73  980.35   0.00096858  1979     1     8     6
   81.56   -8.75   20.81  979.26   0.00086203  1979     1     8    12
   81.56   -8.75   21.04  979.30   0.00083541  1979     1     8    18
   80.94   -8.75   21.34  976.78   0.00094360  1979     1     9     0
   80.31   -8.75   24.13  977.38   0.00098533  1979     1     9     6
   79.69   -8.75   25.09  975.24   0.00109054  1979     1     9    12
   79.06   -8.75   24.03  975.85   0.00092916  1979     1     9    18
   78.44   -8.25   25.44  974.07   0.00102233  1979     1    10     0
   78.44   -7.75   24.64  975.52   0.00098342  1979     1    10     6
   77.81   -7.25   25.39  973.73   0.00102346  1979     1    10    12
   77.19   -7.25   26.11  976.52   0.00087281  1979     1    10    18
   76.56   -6.75   23.30  976.70   0.00093921  1979     1    11     0
   76.56   -6.75   22.91  979.06   0.00104543  1979     1    11     6
   75.94   -6.75   22.96  977.61   0.00095433  1979     1    11    12
   75.31   -6.25   23.11  981.05   0.00074729  1979     1    11    18
   74.06   -6.25   20.99  980.13   0.00079140  1979     1    12     0
   73.44   -6.25   22.02  981.58   0.00081094  1979     1    12     6
   72.19   -6.25   19.24  980.69   0.00069306  1979     1    12    12
   70.94   -5.75   17.05  983.23   0.00075134  1979     1    12    18
   69.69   -6.25   22.46  980.36   0.00097175  1979     1    13     0
   69.06   -6.25   20.25  983.65   0.00071569  1979     1    13     6
   67.81   -6.75   18.14  983.23   0.00085323  1979     1    13    12
   67.81   -6.75   15.36  985.34   0.00071954  1979     1    13    18
   67.81   -7.25   15.09  984.54   0.00045454  1979     1    14     0
   67.19   -7.25   19.94  985.33   0.00100723  1979     1    14     6
   67.19   -7.75   23.07  981.10   0.00119806  1979     1    14    12
   67.19   -8.75   18.12  984.85   0.00071850  1979     1    14    18
   67.19   -9.25   20.07  982.30   0.00080128  1979     1    15     0
   67.19   -9.75   21.16  983.70   0.00089081  1979     1    15     6
   67.19  -10.75   21.45  981.83   0.00080179  1979     1    15    12
   67.19  -11.25   19.87  983.65   0.00074077  1979     1    15    18
   67.19  -11.25   19.67  982.50   0.00073889  1979     1    16     0
   67.19  -11.75   19.71  983.48   0.00080315  1979     1    16     6
   67.81  -12.25   18.89  982.89   0.00072272  1979     1    16    12
   68.44  -12.75   16.00  986.87   0.00047498  1979     1    16    18
   69.06  -13.25   17.09  986.34   0.00042428  1979     1    17     0
   69.69  -14.25   18.45  988.17   0.00049721  1979     1    17     6
   70.94  -14.75   20.17  985.16   0.00067880  1979     1    17    12
   72.19  -15.75   16.83  989.43   0.00050678  1979     1    17    18
start    32  1979     1     7    12
  351.56   -9.25   17.86  986.45   0.00056075  1979     1     7    12
  350.94   -9.75   18.08  984.69   0.00064847  1979     1     7    18
  349.69   -9.75   17.04  985.63   0.00056650  1979     1     8     0
  349.06   -9.75   19.03  984.43   0.00061896  1979     1     8     6
  347.81   -9.75   19.59  984.08   0.00066339  1979     1     8    12
  346.56   -9.75   19.61  981.67   0.00055266  1979     1     8    18
  345.94   -9.25   21.98  981.56   0.00063969  1979     1     9     0
  344.69   -9.25   24.89  979.55   0.00081960  1979     1     9     6
  344.06   -8.75   22.74  981.04   0.00084192  1979     1     9    12
  342.81   -8.75   22.88  978.64   0.00093140  1979     1     9    18
  341.56   -8.25   22.77  980.90   0.00078551  1979     1    10     0
  340.31   -8.25   23.86  981.11   0.00071615  1979     1    10     6
  339.06   -7.75   18.96  985.67   0.00050446  1979     1    10    12
  337.81   -8.25   16.97  984.80   0.00045021  1979     1    10    18
  336.56   -8.25   16.46  986.54   0.00047006  1979     1    11     0
  335.31   -7.75   19.15  984.01   0.00087293  1979     1    11     6
  333.44   -7.75   20.05  986.92   0.00068287  1979     1    11    12
  332.19   -8.25   19.16  985.56   0.00063708  1979     1    11    18
  330.94   -8.25   15.35  987.53   0.00057594  1979     1    12     0
  330.31   -8.25   20.15  986.01   0.00072693  1979     1    12     6
  329.69   -8.75   18.86  986.68   0.00066353  1979     1    12    12
  329.06   -9.25   17.89  983.99   0.00067771  1979     1    12    18
  328.44   -9.75   21.51  983.58   0.00123129  1979     1    13     0
  328.44  -10.25   21.03  983.63   0.00090204  1979     1    13     6
  327.81  -10.75   18.04  987.32   0.00085138  1979     1    13    12
  328.44  -11.25   16.97  985.33   0.00077006  1979     1    13    18
  328.44  -11.25   18.23  986.82   0.00082251  1979     1    14     0
  328.44  -11.25   18.48  985.35   0.00084078  1979     1    14     6
  328.44  -11.75   20.10  986.41   0.00131195  1979     1    14    12
  329.06  -12.25   17.11  985.79   0.00087250  1979     1    14    18
  329.69  -12.25   17.54  989.69   0.00063260  1979     1    15     0
  329.69  -12.75   16.69  988.08   0.00069731  1979     1    15     6
start    17  1979     1     7    12
   40.94   -8.75   16.27  984.39   0.00060298  1979     1     7    12
   39.69   -9.25   18.18  983.94   0.00078963  1979     1     7    18
   39.06   -9.25   19.54  981.97   0.00079426  1979     1     8     0
   39.06   -9.25   20.09  982.82   0.00079365  1979     1     8     6
   38.44   -9.25   22.11  977.49   0.00126627  1979     1     8    12
   37.81   -8.75   22.77  979.21   0.00091574  1979     1     8    18
   37.19   -8.75   25.79  976.18   0.00116357  1979     1     9     0
   35.94   -8.25   25.48  978.94   0.00091554  1979     1     9     6
   35.31   -7.75   23.33  976.67   0.00098043  1979     1     9    12
   34.69   -7.25   26.24  976.46   0.00119951  1979     1     9    18
   33.44   -6.25   26.27  975.55   0.00126995  1979     1    10     0
   32.19   -5.75   26.73  974.39   0.00140131  1979     1    10     6
   30.94   -5.25   21.73  978.02   0.00095857  1979     1    10    12
   29.06   -5.25   18.53  982.55   0.00070124  1979     1    10    18
   27.81   -5.25   18.42  983.87   0.00068549  1979     1    11     0
   27.19   -5.25   16.46  987.10   0.00047651  1979     1    11     6
   25.94   -4.75   12.43  987.54   0.00023683  1979     1    11    12
start    16  1979     1     7    12
  274.69   -8.25   15.92  985.20   0.00058555  1979     1     7    12
  274.06   -8.25   17.59  985.71   0.00055155  1979     1     7    18
  273.44   -8.75   16.52  983.82   0.00062076  1979     1     8     0
  272.19   -8.75   16.82  983.08   0.00074502  1979     1     8     6
  271.56   -8.75   20.61  981.98   0.00093253  1979     1     8    12
  270.31   -9.25   19.60  982.81   0.00066188  1979     1     8    18
  269.69   -9.25   18.40  980.88   0.00067361  1979     1     9     0
  269.06   -9.25   20.78  980.15   0.00079899  1979     1     9     6
  267.81   -9.25   22.38  979.38   0.00081171  1979     1     9    12
  267.19   -9.25   21.15  979.76   0.00086122  1979     1     9    18
  266.56   -9.25   18.34  982.10   0.00060596  1979     1    10     0
  266.56   -9.25   15.95  985.21   0.00057817  1979     1    10     6
  265.31   -8.75   15.78  986.46   0.00057721  1979     1    10    12
  264.69   -8.75   13.75  988.51   0.00029045  1979     1    10    18
  264.06   -9.25   10.70  987.72   0.00021189  1979     1    11     0
  263.44   -9.25   10.22  989.66   0.00017083  1979     1    11     6
start    13  1979     1     7    18
  290.31   -9.25   15.90  986.02   0.00053276  1979     1     7    18
  289.06   -9.75   17.36  986.14   0.00052684  1979     1     8     0
  288.44   -9.75   17.73  983.80   0.00074631  1979     1     8     6
  287.81   -9.75   18.66  982.87   0.00082563  1979     1     8    12
  287.19  -10.25   20.59  982.94   0.00072465  1979     1     8    18
  285.94  -10.25   18.79  984.06   0.00064361  1979     1     9     0
  285.31  -10.25   18.82  982.59   0.00077687  1979     1     9     6
  284.69  -10.75   21.57  982.88   0.00085091  1979     1     9    12
  284.06  -10.75   17.79  982.90   0.00083786  1979     1     9    18
  283.44  -11.25   16.91  984.05   0.00056099  1979     1    10     0
  282.19  -11.25   18.01  984.74   0.00056632  1979     1    10     6
  281.56  -11.75   19.42  984.05   0.00071923  1979     1    10    12
  280.94  -12.25   16.79  985.35   0.00045134  1979     1    10    18
start    12  1979     1     8     0
  107.81   -7.25   18.49  983.86   0.00061712  1979     1     8     0
  107.19   -7.75   21.42  979.71   0.00094668  1979     1     8     6
  106.56   -7.75   20.40  980.27   0.00099537  1979     1     8    12
  105.31   -7.75   22.11  977.73   0.00102341  1979     1     8    18
  104.69   -7.75   23.03  977.95   0.00105251  1979     1     9     0
  103.44   -8.25   19.88  978.89   0.00068553  1979     1     9     6
  102.19   -8.75   18.31  980.31   0.00058150  1979     1     9    12
  100.94   -8.75   19.34  980.26   0.00066533  1979     1     9    18
   99.06   -9.25   22.26  978.41   0.00078707  1979     1    10     0
   98.44   -9.25   21.89  976.43   0.00090218  1979     1    10     6
   97.19   -9.75   23.61  973.47   0.00106187  1979     1    10    12
   96.56  -10.25   27.62  972.29   0.00147579  1979     1    10    18
start    18  1979     1     8     0
    1.56    9.75   18.90  983.00   0.00088411  1979     1     8     0
    0.94   10.25   19.73  982.40   0.00093915  1979     1     8     6
    0.31   10.75   19.21  982.49   0.00075786  1979     1     8    12
    0.31   10.75   19.34  980.68   0.00078576  1979     1     8    18
  359.69   10.75   21.70  980.46   0.00090037  1979     1     9     0
  359.06   10.25   21.01  980.56   0.00081095  1979     1     9     6
  359.06   10.25   22.64  980.97   0.00107136  1979     1     9    12
  359.06   10.25   18.01  982.02   0.00072869  1979     1     9    18
  358.44    9.75   15.55  983.22   0.00067196  1979     1    10     0
  358.44    9.75   18.44  983.33   0.00080529  1979     1    10     6
  357.81    9.75   17.23  984.52   0.00062828  1979     1    10    12
  357.19    9.75   14.92  984.93   0.00049272  1979     1    10    18
  356.56    9.75   14.29  987.44   0.00040519  1979     1    11     0
  355.94    9.25   15.63  987.02   0.00050376  1979     1    11     6
  355.31    8.75   15.37  988.98   0.00055991  1979     1    11    12
  354.69    8.75   13.39  989.33   0.00043475  1979     1    11    18
  353.44    8.75   11.17  991.45   0.00028288  1979     1    12     0
  352.81    8.75   12.13  991.32   0.00029139  1979     1    12     6
start    39  1979     1     8    12
   82.19    9.25   15.95  985.30   0.00041419  1979     1     8    12
   81.56    9.25   18.50  984.22   0.00068201  1979     1     8    18
   80.94    9.25   20.10  982.32   0.00079712  1979     1     9     0
   79.69    9.25   20.46  982.90   0.00067752  1979     1     9     6
   79.06    9.25   20.09  980.80   0.00073280  1979     1     9    12
   78.44    9.25   23.63  980.84   0.00080189  1979     1     9    18
   77.81    9.25   22.11  980.04   0.00093691  1979     1    10     0
   77.19    8.75   24.43  980.46   0.00098067  1979     1    10     6
   76.56    8.75   20.74  979.52   0.00074728  1979     1    10    12
   76.56    8.25   23.73  981.02   0.00088160  1979     1    10    18
   76.56    8.25   19.64  982.78   0.00070079  1979     1    11     0
   75.94    7.75   16.03  983.88   0.00061203  1979     1    11     6
   75.31    7.75   16.18  981.46   0.00065655  1979     1    11    12
   74.69    7.25   18.84  982.20   0.00080815  1979     1    11    18
   74.06    7.25   18.55  981.13   0.00075032  1979     1    12     0
   72.81    7.25   16.17  984.05   0.00059736  1979     1    12     6
   72.19    7.25   16.66  982.58   0.00065990  1979     1    12    12
   71.56    7.25   18.01  984.42   0.00053560  1979     1    12    18
   70.31    7.25   18.94  982.01   0.00086801  1979     1    13     0
   69.69    7.25   18.99  983.45   0.00081965  1979     1    13     6
   69.06    7.25   18.09  981.42   0.00080014  1979     1    13    12
   69.06    7.25   18.50  983.74   0.00075919  1979     1    13    18
   68.44    7.75   22.47  980.68   0.00097513  1979     1    14     0
   68.44    7.75   22.60  982.53   0.00119233  1979     1    14     6
   69.06    8.25   21.08  982.53   0.00064921  1979     1    14    12
   69.06    8.25   17.56  984.41   0.00059090  1979     1    14    18
   69.06    8.75   21.61  978.96   0.00108194  1979     1    15     0
   69.06    8.75   23.93  980.24   0.00114416  1979     1    15     6
   69.06    9.25   21.90  979.17   0.00087841  1979     1    15    12
   69.69    9.25   23.33  978.86   0.00108698  1979     1    15    18
   69.69    9.75   23.42  976.36   0.00111916  1979     1    16     0
   70.31    9.75   25.96  979.30   0.00099749  1979     1    16     6
   70.31   10.75   24.96  978.12   0.00092487  1979     1    16    12
   70.94   11.25   23.40  981.90   0.00093077  1979     1    16    18
   71.56   12.25   22.94  982.00   0.00081653  1979     1    17     0
   72.19   13.75   23.28  984.62   0.00079972  1979     1    17     6
   73.44   14.75   23.27  982.87   0.00071161  1979     1    17    12
   75.31   16.25   22.49  986.83   0.00071984  1979     1    17    18
   77.19   17.75   22.40  986.26   0.00063534  1979     1    18     0
start    20  1979     1     8    12
  289.06    9.75   15.22  985.94   0.00049918  1979     1     8    12
  287.81    9.75   15.03  984.64   0.00048191  1979     1     8    18
  287.19    9.75   14.61  985.05   0.00049509  1979     1     9     0
  285.94    9.75   14.25  984.54   0.00041798  1979     1     9     6
  285.31    9.25   17.09  983.50   0.00065572  1979     1     9    12
  284.06    9.75   19.85  981.34   0.00077857  1979     1     9    18
  283.44    9.75   20.64  979.17   0.00086244  1979     1    10     0
  282.81    9.75   23.00  979.23   0.00107440  1979     1    10     6
  282.19    9.25   20.98  981.23   0.00078819  1979     1    10    12
  281.56    9.25   23.27  979.65   0.00110702  1979     1    10    18
  280.94    9.25   21.20  979.41   0.00102861  1979     1    11     0
  280.31    9.25   21.18  981.16   0.00075375  1979     1    11     6
  279.06    9.25   22.60  980.81   0.00098122  1979     1    11    12
  278.44    9.75   19.96  982.90   0.00072821  1979     1    11    18
  277.81   10.75   19.82  981.90   0.00081026  1979     1    12     0
  277.81   11.25   22.89  982.80   0.00082696  1979     1    12     6
  277.81   12.75   21.53  983.87   0.00072566  1979     1    12    12
  278.44   13.75   20.20  985.12   0.00057774  1979     1    12    18
  279.69   15.25   24.18  982.35   0.00114077  1979     1    13     0
  280.94   17.25   22.88  985.07   0.00081686  1979     1    13     6
start    12  1979     1    10     0
   63.44   -8.75   16.11  984.15   0.00031675  1979     1    10     0
   61.56   -8.75   19.13  982.76   0.00051303  1979     1    10     6
   60.31   -8.75   24.34  976.54   0.00112167  1979     1    10    12
   59.69   -8.25   19.51  981.28   0.00072502  1979     1    10    18
   59.06   -8.75   20.05  980.17   0.00074870  1979     1    11     0
   58.44   -9.75   22.62  981.60   0.00079370  1979     1    11     6
   58.44  -10.25   19.92  982.67   0.00048042  1979     1    11    12
   58.44  -11.25   17.37  985.21   0.00049576  1979     1    11    18
   59.06  -11.75   19.83  983.82   0.00076306  1979     1    12     0
   59.06  -12.25   19.35  984.32   0.00090636  1979     1    12     6
   59.69  -12.75   17.43  984.12   0.00076742  1979     1    12    12
   60.31  -12.75   15.60  986.43   0.00084698  1979     1    12    18
start    12  1979     1    14    12
   20.94    5.75   21.87  982.54   0.00101868  1979     1    14    12
   20.94    6.25   23.94  981.31   0.00094113  1979     1    14    18
   20.31    7.25   27.58  977.32   0.00118983  1979     1    15     0
   19.69    7.25   25.68  980.38   0.00104249  1979     1    15     6
   19.69    8.25   27.27  978.94   0.00118568  1979     1    15    12
   19.69    8.75   25.32  979.63   0.00120435  1979     1    15    18
   19.69    9.75   21.54  983.50   0.00098300  1979     1    16     0
   19.69   10.25   19.03  986.94   0.00064783  1979     1    16     6
   20.31   11.75   18.46  986.92   0.00062038  1979     1    16    12
   21.56   12.75   17.74  988.49   0.00052520  1979     1    16    18
   22.81   14.25   19.12  988.92   0.00045517  1979     1    17     0
   24.69   16.25   18.35  990.06   0.00037501  1979     1    17     6
start    13  1979    10    29     0
  162.19  -51.75   23.90  942.04   0.00047210  1979    10    29     0
  162.19  -52.25   24.03  938.59   0.00046213  1979    10    29     6
  162.81  -52.75   22.08  938.75   0.00039067  1979    10    29    12
  163.44  -53.25   21.00  939.77   0.00039879  1979    10    29    18
  163.44  -53.75   20.94  942.26   0.00035993  1979    10    30     0
  162.81  -54.75   20.46  943.83   0.00034395  1979    10    30     6
  161.56  -54.75   20.17  946.36   0.00034487  1979    10    30    12
  160.94  -54.75   19.32  948.94   0.00032142  1979    10    30    18
  159.69  -54.75   19.49  952.23   0.00029129  1979    10    31     0
  158.44  -53.75   20.17  954.73   0.00029556  1979    10    31     6
  157.81  -53.25   19.16  958.00   0.00029112  1979    10    31    12
  157.81  -52.25   18.63  960.78   0.00027866  1979    10    31    18
  157.81  -51.25   17.46  964.39   0.00025435  1979    11     1     0
start    13  1981     1     3    12
  134.69   44.25   22.39  935.27   0.00045774  1981     1     3    12
  135.31   45.25   20.52  936.83   0.00039334  1981     1     3    18
  135.31   46.25   22.42  939.79   0.00037068  1981     1     4     0
  135.31   46.75   21.16  941.74   0.00036818  1981     1     4     6
  134.69   47.75   19.79  944.66   0.00033061  1981     1     4    12
  134.06   48.25   18.24  946.11   0.00030779  1981     1     4    18
  132.81   48.25   17.71  948.38   0.00028247  1981     1     5     0
  132.19   48.75   17.27  948.97   0.00027836  1981     1     5     6
  131.56   48.75   16.81  950.11   0.00027228  1981     1     5    12
  132.19   49.25   16.67  950.16   0.00026313  1981     1     5    18
  132.19   50.25   16.76  950.93   0.00024711  1981     1     6     0
  132.81   51.25   16.80  950.94   0.00023186  1981     1     6     6
  132.19   52.75   16.01  951.86   0.00020144  1981     1     6    12
start    15  1981     2     4     0
  339.06   -4.75   17.67 1000.12   0.00064821  1981     2     4     0
  337.81   -4.75   19.01  998.86   0.00057443  1981     2     4     6
  336.56   -4.25   19.14 1000.76   0.00054901  1981     2     4    12
  335.31   -4.75   19.50  997.75   0.00068647  1981     2     4    18
  334.06   -4.75   18.67 1000.11   0.00058477  1981     2     5     0
  332.81   -4.25   19.60  997.38   0.00080271  1981     2     5     6
  331.56   -3.75   18.82 1000.47   0.00066393  1981     2     5    12
  330.31   -3.75   19.25  997.98   0.00058397  1981     2     5    18
  329.06   -4.25   19.02 1000.30   0.00060330  1981     2     6     0
  327.19   -4.75   18.90  998.27   0.00053298  1981     2     6     6
  325.31   -5.25   20.27  999.55   0.00051288  1981     2     6    12
  323.44   -5.25   21.24  995.71   0.00080292  1981     2     6    18
  322.19   -6.25   19.95  997.31   0.00063088  1981     2     7     0
  320.94   -6.75   18.96  996.89   0.00054032  1981     2     7     6
  319.06   -7.25   19.18  999.17   0.00056190  1981     2     7    12
start    15  1981     2    27    18
  100.94  -49.75   23.92  943.83   0.00046645  1981     2    27    18
  100.94  -49.75   24.02  942.36   0.00046983  1981     2    28     0
  102.19  -50.75   24.19  940.27   0.00043950  1981     2    28     6
  101.56  -51.25   22.60  940.29   0.00045469  1981     2    28    12
  100.94  -51.25   21.73  940.47   0.00043995  1981     2    28    18
  100.31  -51.25   20.87  942.06   0.00040701  1981     3     1     0
  100.31  -50.75   19.42  943.90   0.00036126  1981     3     1     6
  100.94  -50.75   18.76  945.39   0.00033357  1981     3     1    12
  100.94  -50.75   17.63  947.76   0.00031478  1981     3     1    18
  100.94  -50.75   16.33  950.26   0.00028299  1981     3     2     0
  100.94  -50.75   15.27  953.11   0.00025953  1981     3     2     6
  102.19  -50.75   15.91  956.82   0.00024430  1981     3     2    12
  102.19  -51.75   15.32  960.41   0.00024281  1981     3     2    18
  101.56  -53.25   15.61  964.03   0.00020669  1981     3     3     0
  100.31  -54.75   16.07  966.98   0.00018831  1981     3     3     6
start    13  1981     5    12     6
  355.31    4.25   17.23  998.45   0.00047426  1981     5    12     6
  354.06    4.25   16.88  999.57   0.00052779  1981     5    12    12
  353.44    3.75   15.80  997.11   0.00057074  1981     5    12    18
  352.19    3.75   16.38  999.44   0.00048235  1981     5    13     0
  351.56    4.25   18.48  997.68   0.00053701  1981     5    13     6
  349.69    4.75   19.88  998.53   0.00049356  1981     5    13    12
  347.81    4.75   20.28  996.16   0.00053015  1981     5    13    18
  345.94    4.25   19.23  998.38   0.00042677  1981     5    14     0
  344.69    4.75   20.05  995.88   0.00061329  1981     5    14     6
  342.81    4.75   21.60  997.11   0.00072045  1981     5    14    12
  340.94    5.25   20.09  995.70   0.00050324  1981     5    14    18
  339.06    5.25   19.24  998.79   0.00037383  1981     5    15     0
  336.56    5.75   19.01  997.76   0.00035632  1981     5    15     6
start    13  1981     5    19    18
   35.94   51.25   23.41  950.51   0.00044773  1981     5    19    18
   34.69   51.25   22.92  949.68   0.00039684  1981     5    20     0
   32.81   51.25   21.93  950.50   0.00033772  1981     5    20     6
   31.56   50.75   21.90  949.89   0.00027620  1981     5    20    12
   30.31   50.25   21.69  951.15   0.00024806  1981     5    20    18
   30.31   49.25   20.77  953.17   0.00023994  1981     5    21     0
   30.31   49.25   18.94  956.24   0.00023970  1981     5    21     6
   29.69   49.25   18.23  958.81   0.00022674  1981     5    21    12
   28.44   48.75   18.52  960.59   0.00023035  1981     5    21    18
   27.81   48.75   18.51  961.86   0.00021890  1981     5    22     0
   25.94   48.25   18.42  964.31   0.00021251  1981     5    22     6
   24.69   46.75   18.11  967.53   0.00019658  1981     5    22    12
   24.06   45.75   17.27  971.69   0.00018944  1981     5    22    18
start    12  1981     9    23     0
  230.31   -4.75   16.26  997.76   0.00047048  1981     9    23     0
  229.06   -5.25   19.56  998.32   0.00058103  1981     9    23     6
  227.81   -5.75   20.75  997.01   0.00048943  1981     9    23    12
  226.56   -6.25   22.49  998.44   0.00066459  1981     9    23    18
  225.31   -6.75   19.55  997.77   0.00045114  1981     9    24     0
  223.44   -7.75   19.65 1000.73   0.00062352  1981     9    24     6
  222.19   -7.75   19.24  997.96   0.00075688  1981     9    24    12
  221.56   -8.25   18.59 1000.41   0.00061123  1981     9    24    18
  220.31   -8.25   16.40  999.39   0.00061803  1981     9    25     0
  220.31   -8.75   17.48 1000.86   0.00053353  1981     9    25     6
  219.69   -8.25   16.24  998.47   0.00054174  1981     9    25    12
  219.06   -7.75   16.71 1000.00   0.00049617  1981     9    25    18
start    14  1983     3    18    18
   30.94   60.75   17.90  947.60   0.00026947  1983     3    18    18
   27.81   61.25   19.77  948.14   0.00025825  1983     3    19     0
   24.69   61.25   19.64  948.95   0.00025480  1983     3    19     6
   22.19   61.25   19.17  950.31   0.00024415  1983     3    19    12
   19.69   61.75   18.90  952.92   0.00022348  1983     3    19    18
   16.56   62.25   18.24  955.91   0.00021795  1983     3    20     0
   14.06   62.75   19.42  960.07   0.00019965  1983     3    20     6
   10.31   63.75   18.12  964.06   0.00018268  1983     3    20    12
    6.56   64.75   17.13  968.40   0.00018187  1983     3    20    18
    2.19   65.25   17.28  972.78   0.00017283  1983     3    21     0
  358.44   66.25   16.06  977.65   0.00015572  1983     3    21     6
  354.06   66.75   16.49  981.97   0.00014261  1983     3    21    12
  349.69   68.25   15.34  986.24   0.00013678  1983     3    21    18
  345.31   68.75   14.63  989.70   0.00012379  1983     3    22     0
start    12  1983     4    27     0
  150.31    3.75   17.45  997.31   0.00070302  1983     4    27     0
  150.31    4.25   16.70  995.33   0.00069222  1983     4    27     6
  150.31    4.25   17.62  997.67   0.00060749  1983     4    27    12
  149.69    4.25   18.59  994.86   0.00069380  1983     4    27    18
  149.06    4.25   19.81  997.17   0.00066761  1983     4    28     0
  149.06    4.25   17.88  995.71   0.00065648  1983     4    28     6
  148.44    4.25   18.26  998.43   0.00054896  1983     4    28    12
  147.81    3.75   18.31  996.69   0.00046476  1983     4    28    18
  147.19    3.75   17.50  999.01   0.00044340  1983     4    29     0
  146.56    3.25   16.13  996.93   0.00041379  1983     4    29     6
  145.31    3.25   17.02  998.46   0.00042502  1983     4    29    12
  144.69    3.25   21.26  997.00   0.00056647  1983     4    29    18