start    20  1979     1     5     0
  134.69   10.75   16.02  991.47   0.00041400  1979     1     5     0
  134.06   10.25   16.64  987.14   0.00056637  1979     1     5     6
  132.81    9.75   15.78  987.13   0.00060952  1979     1     5    12
  132.81    9.75   15.87  983.09   0.00077694  1979     1     5    18
  132.81    9.75   18.12  983.60   0.00075730  1979     1     6     0
  132.19    9.75   19.04  977.91   0.00091733  1979     1     6     6
  132.19    9.75   23.30  976.23   0.00120372  1979     1     6    12
  131.56   10.25   25.01  972.49   0.00118594  1979     1     6    18
  130.94   10.25   27.06  971.14   0.00122676  1979     1     7     0
  130.31   10.75   26.16  969.51   0.00115912  1979     1     7     6
  129.69   10.75   25.89  970.10   0.00119243  1979     1     7    12
  129.06   10.75   25.41  970.17   0.00112736  1979     1     7    18
  129.06   11.25   28.64  969.06   0.00136729  1979     1     8     0
  128.44   11.25   28.58  968.98   0.00140015  1979     1     8     6
  128.44   11.75   26.73  970.48   0.00142731  1979     1     8    12
  127.81   12.25   24.33  971.93   0.00099353  1979     1     8    18
  127.81   12.25   29.02  965.68   0.00178142  1979     1     9     0
  127.81   12.75   25.39  971.20   0.00116025  1979     1     9     6
  127.81   12.75   21.88  975.35   0.00089510  1979     1     9    12
  127.81   12.75   19.69  977.50   0.00072719  1979     1     9    18
start    24  1979     1     5     6
  124.69   10.25   17.86  986.97   0.00054624  1979     1     5     6
  124.06   10.25   17.65  985.65   0.00070175  1979     1     5    12
  123.44    9.75   17.63  981.91   0.00093496  1979     1     5    18
  122.81    9.75   18.85  981.86   0.00084125  1979     1     6     0
  122.81   10.25   23.92  974.35   0.00110892  1979     1     6     6
  122.19   10.25   26.19  970.30   0.00148268  1979     1     6    12
  122.19   10.25   28.79  968.91   0.00140807  1979     1     6    18
  121.56   10.25   30.40  964.60   0.00193639  1979     1     7     0
  120.94   10.25   28.48  965.60   0.00154272  1979     1     7     6
  120.31   10.25   26.40  971.83   0.00111531  1979     1     7    12
  119.69   10.25   26.79  969.49   0.00123584  1979     1     7    18
  119.06   10.25   24.71  972.03   0.00106134  1979     1     8     0
  118.44   10.25   22.21  974.36   0.00085094  1979     1     8     6
  117.81   10.25   22.16  977.37   0.00089652  1979     1     8    12
  117.19   10.25   20.93  978.43   0.00068475  1979     1     8    18
  117.19   10.25   18.23  979.59   0.00070621  1979     1     9     0
  117.19   10.75   17.63  979.64   0.00054316  1979     1     9     6
  116.56   10.25   18.68  976.90   0.00104710  1979     1     9    12
  116.56    9.75   21.03  976.95   0.00089135  1979     1     9    18
  115.94    9.75   23.47  975.61   0.00125631  1979     1    10     0
  115.94   10.25   21.59  976.81   0.00091772  1979     1    10     6
  115.94   10.25   21.07  978.82   0.00089406  1979     1    10    12
  115.94    9.75   19.17  980.82   0.00065535  1979     1    10    18
  115.94    9.25   15.86  983.33   0.00047947  1979     1    11     0
start    19  1979     1     6     0
  112.19   10.25   17.57  983.28   0.00071226  1979     1     6     0
  111.56   10.25   21.18  978.45   0.00095387  1979     1     6     6
  111.56   10.25   21.28  978.01   0.00081462  1979     1     6    12
  110.94   10.25   24.38  971.00   0.00116867  1979     1     6    18
  110.31   10.25   26.75  967.97   0.00126270  1979     1     7     0
  109.69   10.75   30.61  960.75   0.00145044  1979     1     7     6
  109.06   10.75   31.09  960.64   0.00158817  1979     1     7    12
  108.44   10.75   33.46  955.70   0.00174467  1979     1     7    18
  107.81   10.75   35.36  958.55   0.00149422  1979     1     8     0
  106.56   10.75   33.35  962.58   0.00127984  1979     1     8     6
  105.94   10.75   33.91  960.68   0.00140691  1979     1     8    12
  104.69   10.75   32.87  958.24   0.00143616  1979     1     8    18
  103.44   11.25   33.18  960.04   0.00142733  1979     1     9     0
  102.81   11.75   34.20  960.52   0.00147568  1979     1     9     6
  102.19   12.25   30.40  962.45   0.00142830  1979     1     9    12
  102.19   12.75   25.96  972.46   0.00105785  1979     1     9    18
  101.56   12.75   23.39  976.53   0.00078063  1979     1    10     0
  102.19   12.75   21.01  979.58   0.00068139  1979     1    10     6
  100.94   12.25   19.69  981.63   0.00030651  1979     1    10    12
start    37  1979     1     6     0
   69.06   11.25   15.96  984.71   0.00050271  1979     1     6     0
   68.44   11.25   20.34  982.79   0.00069910  1979     1     6     6
   67.19   11.25   25.08  976.97   0.00099628  1979     1     6    12
   66.56   10.75   25.86  974.87   0.00101365  1979     1     6    18
   65.31   10.25   27.08  972.32   0.00118843  1979     1     7     0
   64.69   10.25   25.44  973.48   0.00113640  1979     1     7     6
   64.69    9.75   25.50  969.99   0.00099361  1979     1     7    12
   64.06    9.75   26.80  968.80   0.00110154  1979     1     7    18
   63.44    9.75   28.20  964.58   0.00113772  1979     1     8     0
   63.44    9.75   33.58  957.35   0.00182007  1979     1     8     6
   63.44   10.25   33.73  958.87   0.00125117  1979     1     8    12
   62.81   10.25   32.32  962.10   0.00132899  1979     1     8    18
   62.81   10.25   32.15  961.05   0.00155273  1979     1     9     0
   62.81   10.25   30.06  964.92   0.00122877  1979     1     9     6
   62.81   10.25   30.64  965.28   0.00115392  1979     1     9    12
   62.81   10.75   31.07  965.91   0.00131763  1979     1     9    18
   63.44   10.75   28.27  962.84   0.00111347  1979     1    10     0
   63.44   11.25   30.09  965.92   0.00105908  1979     1    10     6
   63.44   11.25   30.46  964.69   0.00113068  1979     1    10    12
   63.44   10.75   29.27  963.84   0.00115440  1979     1    10    18
   63.44   10.25   32.52  962.60   0.00119120  1979     1    11     0
   63.44   10.25   32.82  958.81   0.00208717  1979     1    11     6
   64.06    9.75   30.71  966.23   0.00124331  1979     1    11    12
   64.69    9.25   28.90  970.01   0.00104173  1979     1    11    18
   65.94    9.25   31.01  969.55   0.00102813  1979     1    12     0
   67.19    9.75   25.36  976.25   0.00075894  1979     1    12     6
   69.06    9.75   26.04  975.35   0.00074148  1979     1    12    12
   70.94    9.25   24.16  977.31   0.00076725  1979     1    12    18
   72.81    9.25   26.32  974.91   0.00076182  1979     1    13     0
   74.69    9.75   24.73  975.91   0.00079574  1979     1    13     6
   75.94   10.25   26.51  972.45   0.00086566  1979     1    13    12
   76.56   10.75   27.34  972.21   0.00097744  1979     1    13    18
   77.81   11.25   28.99  969.83   0.00103870  1979     1    14     0
   77.81   11.75   27.81  970.99   0.00118514  1979     1    14     6
   78.44   12.75   23.02  974.34   0.00072555  1979     1    14    12
   78.44   13.25   22.70  975.72   0.00070886  1979     1    14    18
   77.81   14.25   23.18  973.80   0.00091246  1979     1    15     0
start    23  1979     1     6     0
   32.81   12.75   16.61  987.39   0.00055809  1979     1     6     0
   32.19   12.25   16.86  987.42   0.00050792  1979     1     6     6
   31.56   12.25   18.10  984.36   0.00061927  1979     1     6    12
   30.94   11.75   16.74  985.08   0.00060363  1979     1     6    18
   30.31   11.25   16.05  982.52   0.00067586  1979     1     7     0
   29.69   11.25   21.15  981.08   0.00084594  1979     1     7     6
   29.69   11.25   22.36  977.05   0.00089117  1979     1     7    12
   28.44   11.25   23.53  974.76   0.00128542  1979     1     7    18
   27.81   11.25   26.06  972.48   0.00099136  1979     1     8     0
   27.19   11.25   25.09  972.93   0.00099807  1979     1     8     6
   25.94   11.25   26.16  969.17   0.00117495  1979     1     8    12
   25.94   11.75   30.59  964.69   0.00142084  1979     1     8    18
   25.31   11.75   29.02  968.06   0.00112918  1979     1     9     0
   25.31   12.25   29.56  965.85   0.00135218  1979     1     9     6
   25.31   12.75   30.15  960.93   0.00152653  1979     1     9    12
   25.31   13.25   27.54  964.67   0.00136225  1979     1     9    18
   25.94   13.75   31.80  962.87   0.00139425  1979     1    10     0
   27.19   13.75   31.52  965.41   0.00124872  1979     1    10     6
   28.44   14.75   30.72  965.02   0.00119911  1979     1    10    12
   30.31   15.75   33.72  958.63   0.00176075  1979     1    10    18
   31.56   16.25   32.93  962.58   0.00114974  1979     1    11     0
   33.44   17.25   33.22  959.84   0.00170118  1979     1    11     6
   35.94   17.75   29.62  967.54   0.00116570  1979     1    11    12
start    22  1979     1     6     0
   18.44   13.25   16.61  989.10   0.00041761  1979     1     6     0
   17.19   13.25   18.17  987.25   0.00064812  1979     1     6     6
   16.56   13.25   15.10  985.02   0.00074427  1979     1     6    12
   15.94   13.25   16.56  985.03   0.00068464  1979     1     6    18
   15.31   13.25   18.09  984.96   0.00066849  1979     1     7     0
   14.69   13.25   18.76  985.33   0.00070163  1979     1     7     6
   14.06   13.25   17.53  984.37   0.00069714  1979     1     7    12
   13.44   13.25   17.80  984.20   0.00067886  1979     1     7    18
   12.81   12.75   19.56  983.09   0.00075340  1979     1     8     0
   12.19   12.75   19.47  982.32   0.00095581  1979     1     8     6
   11.56   12.75   21.28  979.95   0.00113428  1979     1     8    12
   11.56   12.75   17.68  982.38   0.00077869  1979     1     8    18
   10.94   12.75   19.92  981.91   0.00081141  1979     1     9     0
   11.56   12.25   23.92  979.09   0.00125135  1979     1     9     6
   10.94   11.75   20.68  980.21   0.00094142  1979     1     9    12
   11.56   11.25   16.95  981.01   0.00084919  1979     1     9    18
   10.94   10.25   16.30  983.66   0.00053762  1979     1    10     0
   10.94    9.75   18.64  981.89   0.00090044  1979     1    10     6
   10.31    9.75   17.97  983.94   0.00057691  1979     1    10    12
    9.69    9.25   18.97  982.91   0.00070943  1979     1    10    18
    9.06    9.75   17.89  983.78   0.00066944  1979     1    11     0
    8.44    9.75   17.63  985.62   0.00045487  1979     1    11     6
start    16  1979     1     6     6
  227.81   11.25   17.11  986.69   0.00051839  1979     1     6     6
  226.56   10.75   17.77  982.41   0.00065516  1979     1     6    12
  225.31   10.25   19.09  982.79   0.00080235  1979     1     6    18
  224.69   10.25   20.45  978.64   0.00077325  1979     1     7     0
  224.06    9.75   24.19  974.28   0.00126118  1979     1     7     6
  223.44    9.75   27.57  970.40   0.00107760  1979     1     7    12
  222.19    9.25   28.48  970.27   0.00118637  1979     1     7    18
  220.94    9.75   26.97  970.50   0.00105857  1979     1     8     0
  219.69    9.75   26.99  971.83   0.00104558  1979     1     8     6
  219.06   10.75   29.00  967.01   0.00119522  1979     1     8    12
  218.44   11.75   26.62  970.58   0.00108854  1979     1     8    18
  217.81   12.75   25.20  968.73   0.00109076  1979     1     9     0
  217.19   13.25   24.45  973.63   0.00104679  1979     1     9     6
  217.19   14.25   21.59  976.04   0.00068467  1979     1     9    12
  217.81   15.25   21.46  978.97   0.00056092  1979     1     9    18
  219.06   16.25   21.09  977.90   0.00058340  1979     1    10     0
start    30  1979     1     6     6
  290.31   11.75   16.36  985.46   0.00061849  1979     1     6     6
  289.69   11.25   19.44  983.42   0.00080956  1979     1     6    12
  289.06   11.25   20.42  980.74   0.00085738  1979     1     6    18
  288.44   11.25   20.10  980.12   0.00090609  1979     1     7     0
  287.81   11.25   23.62  976.45   0.00112643  1979     1     7     6
  287.19   10.75   23.85  977.53   0.00096182  1979     1     7    12
  286.56   10.75   23.74  975.50   0.00094777  1979     1     7    18
  285.31   10.75   21.73  975.07   0.00095718  1979     1     8     0
  284.69   10.75   23.07  974.69   0.00089779  1979     1     8     6
  284.06   11.25   23.29  974.86   0.00078452  1979     1     8    12
  283.44   11.75   26.90  971.77   0.00108257  1979     1     8    18
  282.81   12.25   29.06  969.07   0.00122006  1979     1     9     0
  282.19   12.75   29.21  966.91   0.00144129  1979     1     9     6
  281.56   12.75   28.54  968.24   0.00124947  1979     1     9    12
  281.56   13.25   25.63  972.88   0.00096550  1979     1     9    18
  281.56   13.75   24.40  972.23   0.00099123  1979     1    10     0
  282.19   13.25   26.55  972.81   0.00124830  1979     1    10     6
  281.56   12.75   26.13  967.28   0.00161856  1979     1    10    12
  280.94   12.75   26.88  971.51   0.00106207  1979     1    10    18
  280.31   12.25   23.60  974.55   0.00099349  1979     1    11     0
  279.69   12.25   23.15  976.51   0.00076866  1979     1    11     6
  278.44   12.25   23.18  977.78   0.00090511  1979     1    11    12
  277.81   12.75   23.52  977.96   0.00080712  1979     1    11    18
  277.81   13.75   23.14  979.03   0.00071023  1979     1    12     0
  277.19   14.75   21.97  979.22   0.00076782  1979     1    12     6
  277.19   15.75   25.21  977.64   0.00091367  1979     1    12    12
  277.81   17.25   27.32  978.47   0.00104228  1979     1    12    18
  278.44   18.75   24.16  978.36   0.00084610  1979     1    13     0
  279.06   20.25   24.60  981.19   0.00074852  1979     1    13     6
  280.31   21.75   24.73  982.31   0.00080810  1979     1    13    12
start    17  1979     1     6     6
  328.44   12.25   18.31  983.89   0.00071048  1979     1     6     6
  327.81   12.25   19.67  985.04   0.00071588  1979     1     6    12
  327.19   11.75   17.53  981.51   0.00075866  1979     1     6    18
  327.19   11.25   18.77  981.45   0.00090284  1979     1     7     0
  326.56   11.25   24.01  976.54   0.00145990  1979     1     7     6
  325.94   10.75   22.97  978.59   0.00107009  1979     1     7    12
  324.69   10.75   20.78  978.20   0.00067831  1979     1     7    18
  324.06   10.25   21.50  979.35   0.00081005  1979     1     8     0
  322.81   10.25   21.50  978.38   0.00068925  1979     1     8     6
  320.94   10.75   21.75  978.98   0.00077254  1979     1     8    12
  319.69   11.25   23.09  974.83   0.00103891  1979     1     8    18
  318.44   12.25   25.58  975.54   0.00119381  1979     1     9     0
  317.81   13.25   24.66  971.42   0.00115661  1979     1     9     6
  317.19   14.25   26.21  973.15   0.00131029  1979     1     9    12
  317.19   15.25   23.53  975.41   0.00099153  1979     1     9    18
  317.19   15.75   22.36  981.21   0.00082059  1979     1    10     0
  316.56   16.75   19.75  983.10   0.00057621  1979     1    10     6
start    21  1979     1     6    12
  147.81   11.25   18.05  984.08   0.00039300  1979     1     6    12
  147.19   11.25   20.18  979.04   0.00070142  1979     1     6    18
  146.56   11.25   22.94  977.37   0.00104690  1979     1     7     0
  145.94   11.25   21.79  975.24   0.00091306  1979     1     7     6
  145.94   11.25   22.73  977.50   0.00082505  1979     1     7    12
  145.31   11.25   24.05  973.55   0.00099432  1979     1     7    18
  144.69   11.25   23.72  975.43   0.00095758  1979     1     8     0
  144.06   11.75   25.90  974.75   0.00092855  1979     1     8     6
  142.81   11.75   21.94  976.84   0.00105508  1979     1     8    12
  141.56   12.25   25.01  974.24   0.00103767  1979     1     8    18
  140.94   12.75   23.54  976.04   0.00106851  1979     1     9     0
  140.94   13.75   22.17  974.81   0.00095526  1979     1     9     6
  140.94   14.25   20.77  974.98   0.00109268  1979     1     9    12
  140.94   14.25   20.96  975.19   0.00103525  1979     1     9    18
  140.94   14.25   21.76  976.01   0.00090485  1979     1    10     0
  141.56   13.75   21.56  973.46   0.00090599  1979     1    10     6
  142.19   13.75   20.01  976.22   0.00081192  1979     1    10    12
  142.19   13.75   22.55  975.77   0.00080394  1979     1    10    18
  142.19   13.75   21.47  979.53   0.00072152  1979     1    11     0
  142.19   14.25   19.42  980.34   0.00055355  1979     1    11     6
  142.19   14.75   14.68  983.63   0.00039357  1979     1    11    12
start    25  1979     1     6    12
  303.44   12.25   19.26  985.90   0.00071530  1979     1     6    12
  302.19   12.75   17.54  983.13   0.00066284  1979     1     6    18
  301.56   12.75   19.68  983.00   0.00091232  1979     1     7     0
  300.94   12.75   22.72  977.41   0.00129973  1979     1     7     6
  300.31   12.75   22.97  978.15   0.00114436  1979     1     7    12
  299.69   13.25   22.09  978.38   0.00095035  1979     1     7    18
  299.06   13.25   18.86  981.51   0.00077826  1979     1     8     0
  298.44   13.25   18.93  980.57   0.00072070  1979     1     8     6
  297.81   13.25   16.83  983.43   0.00058133  1979     1     8    12
  297.81   13.75   15.49  982.56   0.00054160  1979     1     8    18
  297.81   13.75   15.22  983.43   0.00057618  1979     1     9     0
  297.81   13.25   15.12  982.50   0.00058036  1979     1     9     6
  297.19   12.75   15.53  984.03   0.00051920  1979     1     9    12
  296.56   12.75   21.12  980.47   0.00111857  1979     1     9    18
  295.94   12.75   13.67  983.03   0.00059463  1979     1    10     0
  295.31   12.75   14.88  983.27   0.00054401  1979     1    10     6
  294.69   12.75   16.35  984.45   0.00048471  1979     1    10    12
  294.06   13.75   14.83  984.62   0.00036215  1979     1    10    18
  294.69   14.25   13.43  986.14   0.00029644  1979     1    11     0
  295.31   14.75   13.12  986.44   0.00039433  1979     1    11     6
  295.94   14.25   13.86  987.40   0.00047665  1979     1    11    12
  296.56   14.25   14.68  986.99   0.00051306  1979     1    11    18
  297.19   14.25   13.45  988.01   0.00046704  1979     1    12     0
  297.81   13.75   12.63  988.42   0.00041236  1979     1    12     6
  298.44   13.75   12.35  989.83   0.00034941  1979     1    12    12
start    28  1979     1     7     0
  247.81   10.75   17.25  983.57   0.00035664  1979     1     7     0
  247.19   10.75   17.50  984.24   0.00034538  1979     1     7     6
  247.19   10.75   20.91  979.21   0.00053384  1979     1     7    12
  245.94   10.75   24.76  975.94   0.00094159  1979     1     7    18
  245.31   11.25   28.17  967.96   0.00120070  1979     1     8     0
  244.69   11.25   26.73  970.71   0.00114182  1979     1     8     6
  244.06   11.75   28.46  967.20   0.00132180  1979     1     8    12
  243.44   12.25   27.11  968.62   0.00130969  1979     1     8    18
  243.44   12.25   26.45  968.97   0.00094409  1979     1     9     0
  242.81   12.25   23.87  970.68   0.00102820  1979     1     9     6
  242.81   11.75   23.00  970.01   0.00107842  1979     1     9    12
  242.19   11.75   28.28  968.58   0.00134200  1979     1     9    18
  241.56   11.75   25.33  968.65   0.00109952  1979     1    10     0
  240.31   11.25   25.39  973.11   0.00095214  1979     1    10     6
  239.69   10.75   25.89  972.54   0.00090201  1979     1    10    12
  237.81   10.75   25.81  972.56   0.00101399  1979     1    10    18
  236.56   10.75   24.83  969.89   0.00122100  1979     1    11     0
  235.31   10.75   28.17  970.56   0.00119201  1979     1    11     6
  234.69   11.25   31.31  964.11   0.00148038  1979     1    11    12
  234.06   12.25   30.05  971.01   0.00111717  1979     1    11    18
  233.44   12.75   28.11  969.03   0.00120513  1979     1    12     0
  233.44   13.75   28.47  971.12   0.00123414  1979     1    12     6
  233.44   14.75   30.17  968.29   0.00126949  1979     1    12    12
  234.06   15.75   29.23  972.19   0.00110721  1979     1    12    18
  235.31   17.25   27.19  971.92   0.00090049  1979     1    13     0
  237.19   18.75   26.44  976.92   0.00086806  1979     1    13     6
  239.06   20.75   26.30  975.66   0.00091855  1979     1    13    12
  241.56   22.75   23.92  979.77   0.00081338  1979     1    13    18
start    19  1979     1     7     0
   54.69   12.25   17.05  986.99   0.00033762  1979     1     7     0
   52.81   12.75   17.21  986.27   0.00041219  1979     1     7     6
   52.19   12.75   17.21  982.43   0.00065354  1979     1     7    12
   51.56   12.75   20.34  982.38   0.00072812  1979     1     7    18
   50.94   12.25   22.68  979.97   0.00101301  1979     1     8     0
   50.31   12.75   23.39  980.16   0.00091196  1979     1     8     6
   49.69   12.25   22.36  976.97   0.00103342  1979     1     8    12
   49.06   12.25   25.14  975.75   0.00149227  1979     1     8    18
   48.44   11.75   23.30  975.00   0.00102085  1979     1     9     0
   48.44   11.75   24.54  977.34   0.00091844  1979     1     9     6
   47.81   11.25   23.20  974.28   0.00087121  1979     1     9    12
   47.19   11.25   27.43  974.22   0.00116790  1979     1     9    18
   46.56   11.25   27.89  970.02   0.00128319  1979     1    10     0
   45.94   11.75   31.28  969.06   0.00142973  1979     1    10     6
   45.31   12.25   29.33  970.16   0.00133194  1979     1    10    12
   44.69   12.75   30.41  970.02   0.00146041  1979     1    10    18
   44.69   13.75   30.47  973.27   0.00108494  1979     1    11     0
   44.69   15.25   28.97  971.08   0.00143970  1979     1    11     6
   45.31   16.75   28.51  970.74   0.00140810  1979     1    11    12
start    14  1979     1     7    12
  257.19   11.25   16.30  983.41   0.00028627  1979     1     7    12
  256.56   11.25   19.96  981.05   0.00046443  1979     1     7    18
  255.31   11.25   24.05  975.06   0.00081596  1979     1     8     0
  254.69   11.25   27.72  973.00   0.00108469  1979     1     8     6
  254.06   11.75   29.26  971.31   0.00129010  1979     1     8    12
  252.81   12.25   26.06  974.71   0.00109867  1979     1     8    18
  252.19   12.75   25.08  976.50   0.00076847  1979     1     9     0
  252.19   13.75   25.06  979.37   0.00073244  1979     1     9     6
  252.19   14.75   20.47  978.06   0.00076065  1979     1     9    12
  252.81   15.75   20.20  981.46   0.00062984  1979     1     9    18
  253.44   16.25   21.44  979.49   0.00066960  1979     1    10     0
  254.69   16.25   20.89  981.27   0.00062028  1979     1    10     6
  256.56   16.25   23.76  979.06   0.00084928  1979     1    10    12
  258.44   16.75   24.17  979.50   0.00069274  1979     1    10    18
start    14  1979     1    12     6
   72.81   -1.25   16.82  986.22   0.00059221  1979     1    12     6
   72.81   -1.25   18.56  983.29   0.00073899  1979     1    12    12
   72.81   -1.25   22.55  982.85   0.00091232  1979     1    12    18
   72.81   -1.75   24.48  978.80   0.00098161  1979     1    13     0
   72.19   -2.25   22.82  978.84   0.00103645  1979     1    13     6
   72.19   -2.75   25.51  975.03   0.00113409  1979     1    13    12
   71.56   -3.25   24.59  977.33   0.00122193  1979     1    13    18
   70.94   -3.75   25.52  976.77   0.00110518  1979     1    14     0
   70.31   -4.75   26.97  977.13   0.00100835  1979     1    14     6
   70.31   -5.25   28.05  975.14   0.00126833  1979     1    14    12
   69.06   -6.25   25.45  980.78   0.00086514  1979     1    14    18
   69.06   -6.75   24.19  980.40   0.00075333  1979     1    15     0
   69.06   -7.25   22.80  983.71   0.00062501  1979     1    15     6
   68.44   -7.75   18.27  982.01   0.00057006  1979     1    15    12
start    14  1979     1    21    18
  137.19   11.75   17.67  987.07   0.00066855  1979     1    21    18
  136.56   12.25   24.76  983.42   0.00110914  1979     1    22     0
  135.94   12.25   21.73  982.69   0.00111756  1979     1    22     6
  134.69   12.75   23.59  985.65   0.00093765  1979     1    22    12
  133.44   12.75   24.49  983.19   0.00103237  1979     1    22    18
  132.19   12.75   24.31  986.18   0.00088239  1979     1    23     0
  130.94   12.75   23.39  986.47   0.00060105  1979     1    23     6
  129.06   13.25   21.10  989.20   0.00049439  1979     1    23    12
  127.19   13.75   19.53  989.02   0.00049023  1979     1    23    18
  125.31   14.25   22.73  989.92   0.00068870  1979     1    24     0
  123.44   15.25   22.40  989.77   0.00057961  1979     1    24     6
  122.19   16.75   20.70  991.83   0.00057185  1979     1    24    12
  120.94   18.25   17.65  991.78   0.00045058  1979     1    24    18
  120.94   20.25   18.01  990.71   0.00085941  1979     1    25     0
start    12  1979     2    11     0
   78.44    8.75   17.34  996.64   0.00056504  1979     2    11     0
   77.81    9.25   15.42  996.01   0.00051069  1979     2    11     6
   77.81    9.25   17.17  993.54   0.00051731  1979     2    11    12
   77.19    9.25   17.38  994.60   0.00059433  1979     2    11    18
   76.56    9.25   20.43  993.22   0.00064161  1979     2    12     0
   75.94    9.25   22.22  994.25   0.00067776  1979     2    12     6
   74.69    9.75   20.22  991.59   0.00062526  1979     2    12    12
   73.44    9.75   19.42  993.74   0.00062642  1979     2    12    18
   72.19    9.75   19.69  993.16   0.00055142  1979     2    13     0
   70.94    9.75   20.49  995.42   0.00052154  1979     2    13     6
   69.69    9.75   20.02  992.98   0.00050423  1979     2    13    12
   67.81    9.75   18.52  995.52   0.00044923  1979     2    13    18
start    12  1979     2    26    12
  148.44    7.25   18.52  993.81   0.00066483  1979     2    26    12
  147.81    7.25   24.11  990.09   0.00104311  1979     2    26    18
  147.19    7.25   20.88  992.66   0.00087849  1979     2    27     0
  146.56    7.25   18.57  990.98   0.00076790  1979     2    27     6
  145.94    7.25   20.01  995.22   0.00071142  1979     2    27    12
  145.94    6.75   18.75  993.04   0.00093014  1979     2    27    18
  145.31    6.75   19.68  994.45   0.00084591  1979     2    28     0
  144.06    6.75   17.47  993.38   0.00064604  1979     2    28     6
  143.44    6.75   17.52  995.92   0.00062863  1979     2    28    12
  142.19    6.75   18.01  994.00   0.00054099  1979     2    28    18
  140.94    6.75   17.82  995.35   0.00050161  1979     3     1     0
  139.69    6.75   21.67  992.06   0.00066542  1979     3     1     6
start    30  1979     3     3    18
  227.19   10.75   17.11  996.42   0.00049736  1979     3     3    18
  226.56   11.75   16.71  992.57   0.00066692  1979     3     4     0
  226.56   11.75   18.92  994.13   0.00075115  1979     3     4     6
  226.56   11.75   18.75  992.07   0.00085436  1979     3     4    12
  227.19   11.75   17.45  994.60   0.00074946  1979     3     4    18
  227.19   11.75   16.29  992.12   0.00072549  1979     3     5     0
  227.19   11.25   17.55  992.91   0.00075832  1979     3     5     6
  227.81   10.75   21.93  989.47   0.00093622  1979     3     5    12
  227.81   10.75   22.34  989.63   0.00088294  1979     3     5    18
  227.81   10.75   22.09  987.94   0.00097467  1979     3     6     0
  227.81   10.25   20.07  990.81   0.00082793  1979     3     6     6
  227.81    9.75   21.21  987.17   0.00100005  1979     3     6    12
  227.19    9.75   23.49  988.70   0.00092770  1979     3     6    18
  227.19    9.75   23.12  985.40   0.00083937  1979     3     7     0
  226.56    9.75   24.87  987.42   0.00097487  1979     3     7     6
  225.31   10.25   25.03  985.85   0.00097364  1979     3     7    12
  224.69   10.75   24.56  985.83   0.00094625  1979     3     7    18
  224.06   10.75   26.70  982.97   0.00098777  1979     3     8     0
  223.44   11.25   28.24  983.27   0.00105241  1979     3     8     6
  222.81   11.75   27.15  983.23   0.00121683  1979     3     8    12
  221.56   12.25   27.07  987.10   0.00100697  1979     3     8    18
  220.94   12.75   26.20  987.62   0.00088663  1979     3     9     0
  219.69   12.75   26.10  988.40   0.00100923  1979     3     9     6
  218.44   13.25   28.46  986.55   0.00110115  1979     3     9    12
  217.19   13.25   26.84  989.25   0.00087980  1979     3     9    18
  215.94   13.75   24.94  989.41   0.00103611  1979     3    10     0
  214.69   13.75   24.80  992.49   0.00085455  1979     3    10     6
  214.06   13.75   25.37  993.42   0.00084991  1979     3    10    12
  212.81   13.75   22.66  995.53   0.00072166  1979     3    10    18
  211.56   14.25   20.23  996.17   0.00064019  1979     3    11     0
start    18  1979     3     4     0
  187.19    8.25   16.01  998.14   0.00085173  1979     3     4     0
  187.19    8.25   15.46  997.14   0.00063656  1979     3     4     6
  186.56    8.75   17.95  998.99   0.00075456  1979     3     4    12
  186.56    8.75   17.85  998.71   0.00069017  1979     3     4    18
  186.56    9.25   14.82  999.14   0.00078791  1979     3     5     0
  186.56    9.25   15.20  998.64   0.00072243  1979     3     5     6
  185.94    9.75   15.00  999.31   0.00059522  1979     3     5    12
  185.94    9.25   15.64  998.28   0.00077062  1979     3     5    18
  185.31    9.25   19.22  996.89   0.00086998  1979     3     6     0
  184.69    9.25   20.23  996.19   0.00078134  1979     3     6     6
  184.06    8.75   17.35  996.86   0.00107419  1979     3     6    12
  183.44    8.75   14.51  996.21   0.00057710  1979     3     6    18
  182.81    8.25   16.84  996.68   0.00059249  1979     3     7     0
  182.81    8.25   17.62  994.17   0.00072230  1979     3     7     6
  182.81    8.25   17.68  994.57   0.00070724  1979     3     7    12
  182.81    8.75   17.45  994.77   0.00063591  1979     3     7    18
  182.19    8.75   18.98  994.71   0.00070184  1979     3     8     0
  182.19    8.25   18.09  993.62   0.00079504  1979     3     8     6
start    15  1979     3    15    18
  351.56   50.75   19.94  950.90   0.00042253  1979     3    15    18
  350.94   52.25   20.80  952.51   0.00034569  1979     3    16     0
  349.06   53.75   21.01  954.67   0.00031992  1979     3    16     6
  346.56   54.75   20.35  957.12   0.00028445  1979     3    16    12
  343.44   55.75   18.76  958.69   0.00031374  1979     3    16    18
  340.31   56.25   18.35  960.19   0.00030447  1979     3    17     0
  337.81   56.25   18.07  961.25   0.00029318  1979     3    17     6
  336.56   56.75   17.68  962.81   0.00028491  1979     3    17    12
  334.69   57.25   17.85  964.16   0.00028327  1979     3    17    18
  332.81   57.75   17.26  966.64   0.00026672  1979     3    18     0
  330.94   58.25   16.91  968.64   0.00025418  1979     3    18     6
  328.44   58.25   16.53  971.03   0.00024379  1979     3    18    12
  327.19   57.75   17.15  971.97   0.00022117  1979     3    18    18
  326.56   56.75   17.86  972.91   0.00021320  1979     3    19     0
  326.56   55.75   17.76  972.71   0.00019753  1979     3    19     6
start    17  1979     3    17     0
   69.69   11.25   16.92  995.42   0.00045609  1979     3    17     0
   68.44   11.25   18.21  995.81   0.00048962  1979     3    17     6
   66.56   11.25   19.50  991.86   0.00052343  1979     3    17    12
   65.31   11.75   20.69  994.60   0.00059177  1979     3    17    18
   64.06   11.75   22.00  991.98   0.00052129  1979     3    18     0
   62.81   12.25   21.51  994.00   0.00056444  1979     3    18     6
   62.19   12.75   21.52  991.49   0.00069230  1979     3    18    12
   60.94   13.25   23.28  991.60   0.00083898  1979     3    18    18
   59.69   13.25   23.33  989.91   0.00078648  1979     3    19     0
   58.44   13.25   21.46  994.15   0.00054283  1979     3    19     6
   57.19   13.25   20.78  992.59   0.00049285  1979     3    19    12
   56.56   13.75   19.61  994.36   0.00059585  1979     3    19    18
   55.31   14.25   20.21  992.94   0.00061112  1979     3    20     0
   54.69   14.75   21.59  993.06   0.00071221  1979     3    20     6
   54.06   15.25   23.20  992.02   0.00083345  1979     3    20    12
   53.44   16.25   22.25  995.58   0.00063478  1979     3    20    18
   52.19   17.25   19.69  995.74   0.00050210  1979     3    21     0
start    12  1979     6    18    12
  192.81    7.25   18.48  997.97   0.00053463  1979     6    18    12
  190.94    7.75   18.72  996.98   0.00052929  1979     6    18    18
  188.44    8.25   18.33  996.43   0.00050831  1979     6    19     0
  186.56    8.25   18.99  995.23   0.00054222  1979     6    19     6
  185.31    8.25   21.11  994.20   0.00064667  1979     6    19    12
  184.06    8.25   20.82  992.67   0.00072236  1979     6    19    18
  182.81    8.25   20.71  992.83   0.00067428  1979     6    20     0
  181.56    9.25   22.82  990.40   0.00074423  1979     6    20     6
  180.31    9.25   23.75  989.09   0.00098889  1979     6    20    12
  179.69    9.25   24.57  988.41   0.00091149  1979     6    20    18
  178.44    8.75   26.19  989.84   0.00075175  1979     6    21     0
  177.81    8.75   26.99  986.96   0.00100238  1979     6    21     6
start    14  1979     7    19     0
  222.19    6.75   16.95  997.70   0.00065161  1979     7    19     0
  220.94    6.75   16.18 1000.13   0.00056819  1979     7    19     6
  220.31    6.25   15.87  998.46   0.00055099  1979     7    19    12
  219.06    5.75   17.19 1000.07   0.00059107  1979     7    19    18
  217.81    5.75   17.82  998.24   0.00061551  1979     7    20     0
  217.19    6.25   17.98  999.97   0.00057949  1979     7    20     6
  215.31    6.25   17.42  999.02   0.00053607  1979     7    20    12
  213.44    6.75   19.08 1000.08   0.00064476  1979     7    20    18
  212.19    7.25   19.19  998.62   0.00053641  1979     7    21     0
  210.31    8.25   19.82  999.45   0.00052135  1979     7    21     6
  208.44    9.25   18.59  999.59   0.00050596  1979     7    21    12
  206.56   10.25   18.26 1000.91   0.00054730  1979     7    21    18
  204.69   11.25   17.44 1000.06   0.00053454  1979     7    22     0
  202.81   11.75   16.08 1000.76   0.00045419  1979     7    22     6
start    16  1979     7    26     0
  319.06    5.25   19.14 1000.72   0.00075813  1979     7    26     0
  319.06    6.25   17.25  997.23   0.00057444  1979     7    26     6
  317.81    7.25   17.83  998.46   0.00055649  1979     7    26    12
  316.56    7.25   16.47  996.67   0.00050249  1979     7    26    18
  315.31    6.75   17.53  997.76   0.00075998  1979     7    27     0
  314.06    6.75   17.51  996.77   0.00067427  1979     7    27     6
  313.44    7.25   18.30  996.95   0.00062259  1979     7    27    12
  311.56    7.75   18.10  994.68   0.00071561  1979     7    27    18
  310.31    7.75   19.97  994.47   0.00081443  1979     7    28     0
  309.06    7.25   22.35  991.94   0.00097839  1979     7    28     6
  307.81    7.75   21.98  994.73   0.00080812  1979     7    28    12
  305.94    7.75   22.00  992.78   0.00086956  1979     7    28    18
  304.69    7.75   23.76  992.97   0.00091394  1979     7    29     0
  303.44    7.75   23.90  992.30   0.00100281  1979     7    29     6
  301.56    8.25   23.40  994.10   0.00084827  1979     7    29    12
  300.31    7.75   22.00  992.06   0.00087344  1979     7    29    18
start    16  1979     8    16     0
   92.81    9.25   16.44 1001.22   0.00048692  1979     8    16     0
   92.19    9.25   18.69  997.26   0.00053901  1979     8    16     6
   90.94    9.25   19.00  996.94   0.00058367  1979     8    16    12
   90.31    9.25   19.43  997.80   0.00043331  1979     8    16    18
   89.06    9.25   18.40  997.05   0.00044363  1979     8    17     0
   87.81    8.75   18.33  998.28   0.00038108  1979     8    17     6
   86.56    8.75   19.63  995.33   0.00045168  1979     8    17    12
   84.69    8.75   22.96  993.73   0.00068956  1979     8    17    18
   82.81    8.75   26.17  992.13   0.00077118  1979     8    18     0
   80.94    9.25   23.61  997.17   0.00065991  1979     8    18     6
   79.06    9.25   20.96  995.26   0.00055118  1979     8    18    12
   77.19   10.25   19.29  998.07   0.00040474  1979     8    18    18
   75.94   11.25   18.44  996.99   0.00038416  1979     8    19     0
   74.69   12.25   19.17  998.24   0.00037427  1979     8    19     6
   74.06   13.25   17.92  996.97   0.00057998  1979     8    19    12
   73.44   13.75   15.95  999.46   0.00044036  1979     8    19    18
start    14  1979    10    22    18
  287.19   10.25   16.02  995.20   0.00045793  1979    10    22    18
  287.19   10.75   18.38  993.98   0.00057460  1979    10    23     0
  286.56   10.75   22.00  991.69   0.00081029  1979    10    23     6
  285.94   11.25   20.93  990.83   0.00088900  1979    10    23    12
  285.31   11.25   18.91  989.74   0.00083402  1979    10    23    18
  284.69   11.75   21.40  990.02   0.00072214  1979    10    24     0
  284.06   12.25   23.02  988.32   0.00074192  1979    10    24     6
  283.44   13.25   22.20  987.58   0.00080858  1979    10    24    12
  282.81   13.75   20.08  987.01   0.00084070  1979    10    24    18
  282.81   14.25   20.71  988.74   0.00076741  1979    10    25     0
  282.81   15.25   20.92  987.78   0.00073707  1979    10    25     6
  282.81   15.25   21.38  987.74   0.00076320  1979    10    25    12
  283.44   15.75   20.34  987.91   0.00063178  1979    10    25    18
  284.69   15.75   19.85  988.60   0.00064958  1979    10    26     0
start    17  1979    11     7     0
  132.19   10.25   16.67  999.36   0.00041317  1979    11     7     0
  131.56    9.25   16.72  996.10   0.00054480  1979    11     7     6
  131.56    8.75   18.92  997.40   0.00069195  1979    11     7    12
  130.94    8.25   20.07  995.50   0.00061886  1979    11     7    18
  130.94    7.75   21.66  995.31   0.00065690  1979    11     8     0
  130.31    7.25   23.20  987.73   0.00121834  1979    11     8     6
  130.31    6.75   24.53  991.20   0.00082924  1979    11     8    12
  129.69    6.75   24.33  987.33   0.00130654  1979    11     8    18
  129.06    7.25   28.50  984.56   0.00149182  1979    11     9     0
  128.44    7.25   26.00  984.50   0.00139843  1979    11     9     6
  127.81    7.75   28.80  988.18   0.00127550  1979    11     9    12
  126.56    7.75   25.39  988.88   0.00104918  1979    11     9    18
  125.94    8.25   28.91  990.44   0.00106558  1979    11    10     0
  124.69    8.25   26.68  986.77   0.00105394  1979    11    10     6
  123.44    8.25   26.69  989.26   0.00087537  1979    11    10    12
  122.19    8.25   25.14  988.59   0.00088556  1979    11    10    18
  120.94    8.25   24.11  990.31   0.00093585  1979    11    11     0
start    13  1979    11    15     0
  122.19    8.25   16.38  998.97   0.00047529  1979    11    15     0
  120.31    8.75   18.90  997.18   0.00057379  1979    11    15     6
  117.81    8.75   17.36  997.78   0.00054955  1979    11    15    12
  115.94    8.75   16.51  996.87   0.00052597  1979    11    15    18
  114.06    8.75   18.35  997.21   0.00060113  1979    11    16     0
  112.81    8.75   19.30  996.13   0.00049297  1979    11    16     6
  110.94    8.75   20.18  996.87   0.00054804  1979    11    16    12
  109.06    9.25   19.55  996.50   0.00060715  1979    11    16    18
  107.19    9.25   19.86  996.84   0.00065162  1979    11    17     0
  105.94    9.75   20.27  995.22   0.00075402  1979    11    17     6
  104.69   10.25   19.72  995.18   0.00067993  1979    11    17    12
  103.44   10.75   19.50  995.70   0.00075421  1979    11    17    18
  102.81   11.25   18.13  996.12   0.00070552  1979    11    18     0
start    12  1979    11    27    12
   95.31   12.25   20.94  993.46   0.00070179  1979    11    27    12
   95.31   12.25   20.41  993.68   0.00073487  1979    11    27    18
   94.06   12.75   20.96  994.59   0.00066622  1979    11    28     0
   92.81   12.75   20.24  994.65   0.00048789  1979    11    28     6
   91.56   12.25   19.71  993.80   0.00045888  1979    11    28    12
   90.94   12.75   19.46  994.08   0.00054700  1979    11    28    18
   89.69   13.25   22.76  991.03   0.00062175  1979    11    29     0
   88.44   13.25   25.04  988.78   0.00079549  1979    11    29     6
   87.81   14.25   27.28  986.82   0.00091879  1979    11    29    12
   86.56   14.75   25.50  989.88   0.00074284  1979    11    29    18
   85.94   15.25   23.40  991.22   0.00070522  1979    11    30     0
   85.31   15.75   21.71  993.88   0.00056622  1979    11    30     6
start    20  1979    12     4     6
  118.44    9.75   23.28  989.70   0.00090686  1979    12     4     6
  117.19    9.75   24.99  990.86   0.00096558  1979    12     4    12
  115.94    9.75   24.83  988.13   0.00131176  1979    12     4    18
  115.31   10.25   25.21  986.87   0.00120931  1979    12     5     0
  114.06   10.25   27.52  985.86   0.00104163  1979    12     5     6
  112.81   10.25   27.38  986.81   0.00118259  1979    12     5    12
  110.94   10.25   24.81  989.45   0.00085706  1979    12     5    18
  110.31   10.25   24.51  990.66   0.00077558  1979    12     6     0
  109.06   10.25   24.15  990.87   0.00070825  1979    12     6     6
  107.81   10.25   23.63  991.81   0.00077270  1979    12     6    12
  105.94    9.75   25.20  990.88   0.00078654  1979    12     6    18
  104.69    9.25   25.73  989.86   0.00091624  1979    12     7     0
  102.81    8.75   24.36  991.55   0.00068757  1979    12     7     6
  101.56    8.75   20.84  992.46   0.00061217  1979    12     7    12
  100.31    8.25   22.18  993.36   0.00062763  1979    12     7    18
   98.44    8.75   21.94  993.02   0.00058028  1979    12     8     0
   96.56    9.25   23.45  993.55   0.00063063  1979    12     8     6
   95.31    9.75   22.11  993.60   0.00044091  1979    12     8    12
   93.44   10.25   22.44  994.27   0.00049265  1979    12     8    18
   91.56   10.75   21.10  994.66   0.00044782  1979    12     9     0
start    13  1979    12     4    12
   62.19    9.25   19.14  994.85   0.00070828  1979    12     4    12
   61.56    9.25   20.61  995.20   0.00077505  1979    12     4    18
   61.56    9.25   19.89  995.14   0.00059405  1979    12     5     0
   60.94    9.25   19.10  997.09   0.00055074  1979    12     5     6
   59.69    9.25   19.14  994.66   0.00051510  1979    12     5    12
   59.06    9.75   18.18  996.46   0.00062219  1979    12     5    18
   59.06    9.75   20.13  993.76   0.00079500  1979    12     6     0
   58.44    9.75   17.93  997.63   0.00059355  1979    12     6     6
   57.81   10.25   17.52  994.07   0.00078846  1979    12     6    12
   57.19   10.25   19.34  996.60   0.00071995  1979    12     6    18
   56.56   10.25   17.65  994.97   0.00070448  1979    12     7     0
   55.94    9.75   18.40  998.24   0.00080610  1979    12     7     6
   55.31    9.75   16.08  996.88   0.00049656  1979    12     7    12
start    16  1979    12     9    18
  130.31    7.25   20.78  994.50   0.00073330  1979    12     9    18
  129.06    7.75   21.86  996.38   0.00081033  1979    12    10     0
  127.81    7.75   20.66  994.59   0.00082630  1979    12    10     6
  127.19    8.25   20.20  997.25   0.00067555  1979    12    10    12
  125.94    8.75   20.19  996.70   0.00073726  1979    12    10    18
  125.31    9.75   19.02  998.34   0.00077841  1979    12    11     0
  124.69   10.25   16.60  997.47   0.00053233  1979    12    11     6
  124.06   10.75   17.22 1000.25   0.00054740  1979    12    11    12
  123.44   11.25   16.97  999.59   0.00062568  1979    12    11    18
  122.81   11.75   16.41 1001.26   0.00054865  1979    12    12     0
  122.19   12.25   16.99 1000.07   0.00064227  1979    12    12     6
  120.94   12.25   17.61 1001.63   0.00058467  1979    12    12    12
  119.69   12.25   17.62 1002.29   0.00045033  1979    12    12    18
  119.06   11.75   17.01 1003.23   0.00061372  1979    12    13     0
  117.81   11.75   18.03 1003.33   0.00061990  1979    12    13     6
  116.56   10.75   15.07 1005.04   0.00036681  1979    12    13    12
