start    12  1982     1     4    12
  120.31   11.25   17.70  993.75   0.00072059  1982     1     4    12
  119.69   11.25   19.09  991.95   0.00080751  1982     1     4    18
  119.06   11.75   23.09  990.97   0.00107709  1982     1     5     0
  118.44   12.25   20.78  991.49   0.00078347  1982     1     5     6
  117.19   12.25   19.57  993.18   0.00060045  1982     1     5    12
  115.94   12.25   19.17  993.11   0.00065482  1982     1     5    18
  114.69   12.75   22.48  992.37   0.00076573  1982     1     6     0
  113.44   12.75   23.12  990.94   0.00072111  1982     1     6     6
  112.19   13.25   21.94  992.80   0.00070628  1982     1     6    12
  110.94   13.25   20.86  994.85   0.00058522  1982     1     6    18
  109.06   13.75   22.05  995.00   0.00061063  1982     1     7     0
  107.81   14.25   17.91  996.09   0.00041872  1982     1     7     6
start    20  1982     1    14     0
  105.31    8.75   18.72  999.33   0.00031169  1982     1    14     0
  103.44    8.75   18.85  997.55   0.00051797  1982     1    14     6
  102.19    9.25   16.79  996.88   0.00055689  1982     1    14    12
  100.94    9.25   18.29  996.44   0.00068253  1982     1    14    18
   99.69    9.75   19.60  995.48   0.00069033  1982     1    15     0
   98.44   10.25   19.41  994.90   0.00058944  1982     1    15     6
   97.19   10.25   19.83  993.44   0.00065763  1982     1    15    12
   96.56   10.75   21.57  993.78   0.00081157  1982     1    15    18
   95.94   10.75   22.90  993.34   0.00083877  1982     1    16     0
   94.69   11.25   23.86  988.81   0.00116493  1982     1    16     6
   94.06   11.25   24.17  990.41   0.00086820  1982     1    16    12
   93.44   11.25   22.53  991.68   0.00092218  1982     1    16    18
   92.81   11.25   21.20  993.32   0.00083403  1982     1    17     0
   92.19   11.25   19.28  994.12   0.00065524  1982     1    17     6
   91.56   11.25   18.55  994.21   0.00058298  1982     1    17    12
   90.31   11.25   17.74  997.46   0.00046302  1982     1    17    18
   89.69   11.25   19.13  996.85   0.00047164  1982     1    18     0
   88.44   11.25   18.89  997.88   0.00047174  1982     1    18     6
   87.19   11.25   19.52  997.76   0.00047172  1982     1    18    12
   85.94   11.25   17.75 1000.34   0.00036474  1982     1    18    18
start    12  1982     3     6     0
  249.06    6.75   17.41  994.83   0.00058662  1982     3     6     0
  247.81    6.75   20.24  995.69   0.00081670  1982     3     6     6
  247.19    6.75   20.30  993.74   0.00070450  1982     3     6    12
  245.94    6.25   22.43  994.81   0.00090314  1982     3     6    18
  245.31    6.25   19.82  991.80   0.00095534  1982     3     7     0
  244.69    6.25   20.90  992.79   0.00090828  1982     3     7     6
  244.06    6.25   20.33  992.46   0.00063224  1982     3     7    12
  243.44    6.25   21.04  995.20   0.00061337  1982     3     7    18
  242.81    6.25   19.89  993.31   0.00058924  1982     3     8     0
  242.81    6.75   20.47  995.00   0.00071981  1982     3     8     6
  242.19    6.75   19.88  993.80   0.00062230  1982     3     8    12
  241.56    7.25   20.70  995.31   0.00085194  1982     3     8    18
start    13  1982     3    24    18
   28.44  -60.25   18.03  956.02   0.00052916  1982     3    24    18
   28.44  -61.25   20.23  953.44   0.00044373  1982     3    25     0
   27.19  -62.75   19.45  953.12   0.00034815  1982     3    25     6
   24.69  -63.75   19.24  953.49   0.00029883  1982     3    25    12
   22.19  -64.75   19.14  954.76   0.00027365  1982     3    25    18
   19.69  -65.25   18.86  956.36   0.00025343  1982     3    26     0
   17.19  -65.75   18.84  957.94   0.00024248  1982     3    26     6
   15.94  -66.25   17.92  959.82   0.00022634  1982     3    26    12
   14.06  -66.75   17.74  961.76   0.00022447  1982     3    26    18
   13.44  -67.75   17.43  963.81   0.00021284  1982     3    27     0
   12.81  -68.75   17.36  965.87   0.00020090  1982     3    27     6
   12.19  -69.75   16.30  967.61   0.00018639  1982     3    27    12
   10.94  -71.25   15.34  969.09   0.00017531  1982     3    27    18
start    19  1982     3    26    18
  117.19    9.25   20.40  990.60   0.00064049  1982     3    26    18
  116.56    8.75   21.12  989.88   0.00057274  1982     3    27     0
  116.56    8.75   20.97  986.45   0.00060712  1982     3    27     6
  115.94    8.75   24.29  982.54   0.00102269  1982     3    27    12
  115.31    9.25   28.90  976.60   0.00137239  1982     3    27    18
  114.69    9.75   28.19  976.62   0.00117879  1982     3    28     0
  114.06   10.25   31.33  974.96   0.00109971  1982     3    28     6
  114.06   10.75   31.20  970.91   0.00128846  1982     3    28    12
  114.06   11.75   32.41  968.75   0.00125849  1982     3    28    18
  114.06   12.25   34.73  967.50   0.00121281  1982     3    29     0
  114.06   12.75   33.80  963.38   0.00139386  1982     3    29     6
  114.69   13.25   33.02  964.78   0.00126543  1982     3    29    12
  115.94   13.75   34.85  963.70   0.00133010  1982     3    29    18
  117.19   14.75   35.33  964.23   0.00115942  1982     3    30     0
  119.06   15.75   32.76  962.00   0.00126645  1982     3    30     6
  120.94   17.25   35.57  958.85   0.00152531  1982     3    30    12
  122.81   18.75   34.52  960.45   0.00125302  1982     3    30    18
  124.69   20.25   31.12  971.15   0.00112320  1982     3    31     0
  127.19   22.25   27.85  974.49   0.00078010  1982     3    31     6
start    26  1982     4    16     0
  122.19    8.75   21.47  989.12   0.00081778  1982     4    16     0
  121.56    8.75   26.60  980.29   0.00120878  1982     4    16     6
  120.94    8.75   30.25  978.54   0.00150374  1982     4    16    12
  121.56    8.75   31.22  976.43   0.00152992  1982     4    16    18
  121.56    9.25   29.83  973.22   0.00169680  1982     4    17     0
  121.56    9.75   26.29  975.64   0.00142318  1982     4    17     6
  121.56    9.75   26.51  979.42   0.00122450  1982     4    17    12
  122.19   10.25   31.25  973.23   0.00163832  1982     4    17    18
  122.19   10.75   27.74  978.31   0.00126180  1982     4    18     0
  122.19   10.75   26.25  982.41   0.00122280  1982     4    18     6
  122.19   11.25   25.91  981.66   0.00148504  1982     4    18    12
  122.19   11.25   23.78  985.04   0.00105550  1982     4    18    18
  122.81   11.25   21.11  988.71   0.00072997  1982     4    19     0
  122.81   11.75   20.29  986.73   0.00077333  1982     4    19     6
  122.81   12.25   23.75  988.18   0.00089779  1982     4    19    12
  122.19   12.75   25.11  985.98   0.00090579  1982     4    19    18
  120.94   12.75   26.75  989.79   0.00088105  1982     4    20     0
  120.31   13.25   26.00  988.85   0.00102056  1982     4    20     6
  119.06   13.25   26.48  990.34   0.00084344  1982     4    20    12
  117.19   13.75   24.89  991.06   0.00083301  1982     4    20    18
  115.31   14.25   25.83  991.21   0.00077301  1982     4    21     0
  113.44   14.75   24.66  991.18   0.00081515  1982     4    21     6
  112.19   15.25   21.23  993.22   0.00071694  1982     4    21    12
  111.56   16.25   21.36  993.98   0.00065430  1982     4    21    18
  110.94   17.25   21.48  993.06   0.00076938  1982     4    22     0
  110.31   18.25   21.34  993.87   0.00071651  1982     4    22     6
start    16  1982     4    21     0
  277.81    6.75   19.89  995.49   0.00050343  1982     4    21     0
  275.94    6.75   23.31  992.52   0.00078179  1982     4    21     6
  274.69    7.25   24.40  991.60   0.00098427  1982     4    21    12
  272.81    7.75   23.74  993.90   0.00075723  1982     4    21    18
  270.94    8.75   21.81  994.44   0.00057663  1982     4    22     0
  269.06    8.75   21.00  994.29   0.00072918  1982     4    22     6
  267.81    8.75   21.82  992.49   0.00082535  1982     4    22    12
  266.56    8.75   23.76  992.84   0.00086058  1982     4    22    18
  265.31    9.25   23.61  991.73   0.00096686  1982     4    23     0
  264.69    8.75   20.84  995.05   0.00061869  1982     4    23     6
  262.81    8.75   25.62  994.02   0.00083072  1982     4    23    12
  261.56    8.25   22.89  995.65   0.00073035  1982     4    23    18
  260.94    7.75   20.15  994.16   0.00069424  1982     4    24     0
  259.69    7.25   20.50  996.18   0.00059677  1982     4    24     6
  258.44    7.25   22.55  994.77   0.00070390  1982     4    24    12
  256.56    6.75   23.91  995.83   0.00080167  1982     4    24    18
start    30  1982     5     5     6
   46.56    9.75   19.38  997.04   0.00067437  1982     5     5     6
   44.69    9.75   19.47  995.07   0.00066426  1982     5     5    12
   43.44    9.25   19.83  997.37   0.00060446  1982     5     5    18
   41.56    9.25   21.21  994.11   0.00080348  1982     5     6     0
   39.69    9.25   21.35  996.18   0.00073157  1982     5     6     6
   38.44    9.75   21.54  992.75   0.00067280  1982     5     6    12
   36.56    9.75   20.11  993.68   0.00075990  1982     5     6    18
   35.31    9.75   20.78  993.34   0.00075049  1982     5     7     0
   34.06   10.75   22.90  993.66   0.00069865  1982     5     7     6
   32.19   10.75   20.44  992.09   0.00068410  1982     5     7    12
   30.31   10.75   19.11  992.97   0.00059915  1982     5     7    18
   29.06   11.25   22.31  990.24   0.00072099  1982     5     8     0
   27.81   11.25   24.50  987.73   0.00104267  1982     5     8     6
   27.19   11.25   23.82  985.39   0.00094706  1982     5     8    12
   25.94   11.75   23.10  987.52   0.00096521  1982     5     8    18
   25.31   11.75   23.39  986.61   0.00079266  1982     5     9     0
   24.06   12.25   24.18  987.00   0.00083756  1982     5     9     6
   23.44   12.25   24.62  984.95   0.00089599  1982     5     9    12
   22.19   12.25   23.19  985.38   0.00101110  1982     5     9    18
   22.19   12.75   24.00  985.80   0.00091012  1982     5    10     0
   21.56   13.25   24.96  985.19   0.00093482  1982     5    10     6
   20.94   14.25   24.78  983.07   0.00099957  1982     5    10    12
   20.31   15.25   25.49  984.34   0.00106656  1982     5    10    18
   19.69   15.75   25.77  982.16   0.00102859  1982     5    11     0
   19.69   16.75   26.05  984.97   0.00083907  1982     5    11     6
   19.06   17.75   24.69  984.34   0.00088995  1982     5    11    12
   19.69   18.75   23.73  985.67   0.00079331  1982     5    11    18
   20.31   19.75   25.16  984.63   0.00088144  1982     5    12     0
   20.94   20.75   24.84  985.86   0.00091757  1982     5    12     6
   22.19   21.25   22.63  987.64   0.00076898  1982     5    12    12
start    16  1982     5    31    18
  336.56    7.25   21.73  991.13   0.00089332  1982     5    31    18
  335.31    6.75   21.83  990.88   0.00099985  1982     6     1     0
  334.69    6.75   25.18  987.72   0.00097282  1982     6     1     6
  333.44    6.75   25.42  991.09   0.00088882  1982     6     1    12
  332.81    7.25   27.68  987.11   0.00131912  1982     6     1    18
  331.56    7.25   26.77  990.83   0.00107317  1982     6     2     0
  330.31    7.25   25.33  990.96   0.00080397  1982     6     2     6
  329.06    7.75   24.07  993.15   0.00079412  1982     6     2    12
  327.81    7.75   20.86  991.90   0.00067434  1982     6     2    18
  326.56    7.75   21.20  994.63   0.00058336  1982     6     3     0
  325.94    7.75   21.63  993.46   0.00070489  1982     6     3     6
  324.06    7.25   23.32  995.39   0.00068090  1982     6     3    12
  322.19    7.25   21.37  993.20   0.00051226  1982     6     3    18
  320.94    7.25   17.03  996.73   0.00041431  1982     6     4     0
  320.31    7.25   18.65  994.76   0.00065254  1982     6     4     6
  319.69    7.75   16.18  998.13   0.00049066  1982     6     4    12
start    24  1982     6    30    12
  253.44    4.25   16.21  999.22   0.00029662  1982     6    30    12
  251.56    5.75   19.96  999.42   0.00050736  1982     6    30    18
  249.06    6.75   19.78  995.20   0.00061331  1982     7     1     0
  247.19    7.25   20.28  995.75   0.00056088  1982     7     1     6
  245.31    7.25   19.93  990.34   0.00097178  1982     7     1    12
  244.06    7.75   24.79  992.23   0.00081080  1982     7     1    18
  242.19    8.25   23.61  987.42   0.00077247  1982     7     2     0
  240.94    8.25   24.66  990.81   0.00068286  1982     7     2     6
  239.06    8.25   22.01  988.69   0.00082747  1982     7     2    12
  238.44    8.25   25.43  988.06   0.00087801  1982     7     2    18
  237.19    8.75   26.72  984.39   0.00087773  1982     7     3     0
  236.56    9.25   25.29  983.37   0.00094648  1982     7     3     6
  235.94    9.75   29.49  979.66   0.00114633  1982     7     3    12
  235.31   10.75   29.51  981.46   0.00097837  1982     7     3    18
  234.69   11.75   25.89  980.76   0.00099288  1982     7     4     0
  234.06   12.25   26.70  984.37   0.00094540  1982     7     4     6
  234.69   13.25   24.18  983.91   0.00087399  1982     7     4    12
  234.69   14.25   24.64  985.15   0.00077922  1982     7     4    18
  235.31   15.25   24.73  984.54   0.00076344  1982     7     5     0
  237.19   15.75   24.90  984.15   0.00091593  1982     7     5     6
  239.06   16.75   26.85  981.10   0.00098625  1982     7     5    12
  240.94   17.75   27.17  983.08   0.00097619  1982     7     5    18
  243.44   18.75   23.38  985.29   0.00083919  1982     7     6     0
  246.56   20.25   23.68  989.05   0.00092558  1982     7     6     6
start    15  1982     7     1    12
  228.44    8.75   18.85  994.03   0.00063415  1982     7     1    12
  227.19    8.75   21.06  994.44   0.00085319  1982     7     1    18
  225.94    8.75   20.13  991.19   0.00093836  1982     7     2     0
  225.31    8.75   21.97  991.44   0.00106783  1982     7     2     6
  224.69    8.75   24.50  988.25   0.00137061  1982     7     2    12
  224.06    8.75   21.60  991.48   0.00096616  1982     7     2    18
  224.06    8.75   22.50  987.99   0.00092892  1982     7     3     0
  223.44    9.25   24.18  985.92   0.00140911  1982     7     3     6
  223.44    9.75   25.99  983.21   0.00141942  1982     7     3    12
  223.44   10.25   28.60  983.40   0.00171659  1982     7     3    18
  223.44   10.75   23.87  984.94   0.00107729  1982     7     4     0
  223.44   11.25   23.90  985.74   0.00117815  1982     7     4     6
  223.44   11.75   24.02  986.47   0.00109332  1982     7     4    12
  223.44   11.75   22.26  989.84   0.00103735  1982     7     4    18
  224.06   11.75   20.03  990.13   0.00076252  1982     7     5     0
start    16  1982     7    22    12
  240.31    7.25   17.04  995.46   0.00061899  1982     7    22    12
  239.69    7.25   17.99  996.39   0.00073363  1982     7    22    18
  239.69    7.75   22.57  989.68   0.00081488  1982     7    23     0
  238.44    7.75   23.08  990.20   0.00105162  1982     7    23     6
  237.81    7.75   22.16  989.64   0.00084233  1982     7    23    12
  236.56    8.25   21.60  992.39   0.00078735  1982     7    23    18
  235.94    8.75   20.54  990.10   0.00079932  1982     7    24     0
  235.31    9.25   18.30  992.95   0.00065722  1982     7    24     6
  234.69    9.75   20.98  990.29   0.00074540  1982     7    24    12
  234.06   10.25   21.91  990.14   0.00091027  1982     7    24    18
  234.06   11.25   23.32  988.21   0.00107495  1982     7    25     0
  234.06   11.75   19.93  991.98   0.00081789  1982     7    25     6
  234.06   11.75   19.28  991.46   0.00075901  1982     7    25    12
  234.06   11.75   20.00  994.15   0.00073085  1982     7    25    18
  233.44   12.25   17.51  994.06   0.00058406  1982     7    26     0
  232.81   12.25   15.24  997.72   0.00037892  1982     7    26     6
start    19  1982     7    24     0
   42.81    6.75   16.41  994.43   0.00057814  1982     7    24     0
   41.56    7.25   22.65  993.69   0.00069373  1982     7    24     6
   40.31    7.75   28.02  984.31   0.00143391  1982     7    24    12
   39.69    8.25   24.59  988.72   0.00110326  1982     7    24    18
   39.06    9.25   25.14  989.02   0.00103073  1982     7    25     0
   37.81    9.75   26.57  986.48   0.00137954  1982     7    25     6
   37.19   10.25   27.33  984.99   0.00125072  1982     7    25    12
   36.56   10.75   26.17  987.15   0.00108858  1982     7    25    18
   35.31   11.25   30.10  983.18   0.00150794  1982     7    26     0
   34.06   11.75   30.24  985.02   0.00149343  1982     7    26     6
   32.19   11.75   27.29  985.49   0.00117428  1982     7    26    12
   30.94   12.25   26.72  987.58   0.00097660  1982     7    26    18
   29.06   12.25   25.01  987.71   0.00106595  1982     7    27     0
   26.56   13.25   26.42  990.25   0.00098131  1982     7    27     6
   25.31   13.75   25.13  988.63   0.00115134  1982     7    27    12
   24.06   14.75   24.94  988.92   0.00089377  1982     7    27    18
   22.81   15.75   25.68  987.31   0.00126998  1982     7    28     0
   22.19   16.75   25.21  988.10   0.00135721  1982     7    28     6
   22.19   17.75   20.73  991.07   0.00067415  1982     7    28    12
start    17  1982     7    26    12
   51.56    9.25   16.57  999.30   0.00055847  1982     7    26    12
   50.31    9.25   15.45 1000.89   0.00042706  1982     7    26    18
   49.06    9.75   16.23  998.84   0.00043606  1982     7    27     0
   47.81    9.75   17.72  999.68   0.00053789  1982     7    27     6
   45.94    9.75   16.71  997.09   0.00054921  1982     7    27    12
   44.06    9.25   17.39  997.83   0.00069766  1982     7    27    18
   42.81    9.25   19.89  996.09   0.00079453  1982     7    28     0
   40.94    9.25   21.22  997.11   0.00077555  1982     7    28     6
   39.69   10.25   20.10  995.94   0.00072924  1982     7    28    12
   38.44   11.25   19.59  998.75   0.00056134  1982     7    28    18
   37.19   12.25   18.42  997.43   0.00064955  1982     7    29     0
   35.94   13.25   17.53  997.99   0.00085960  1982     7    29     6
   35.31   14.25   15.92  998.28   0.00042988  1982     7    29    12
   35.94   15.75   18.12 1001.14   0.00058826  1982     7    29    18
   35.94   16.75   15.36  999.82   0.00071031  1982     7    30     0
   36.56   16.75   14.10 1002.09   0.00053894  1982     7    30     6
   36.56   17.25   13.61  999.93   0.00050959  1982     7    30    12
start    19  1982    10    20    12
  212.19    8.75   24.16  991.32   0.00084485  1982    10    20    12
  211.56    8.75   24.15  987.23   0.00092969  1982    10    20    18
  210.94    8.75   24.30  986.75   0.00103008  1982    10    21     0
  209.69    8.75   25.76  985.41   0.00110054  1982    10    21     6
  208.44    8.75   26.03  984.94   0.00118359  1982    10    21    12
  207.19    9.25   25.77  985.25   0.00110779  1982    10    21    18
  205.94    9.75   23.86  985.35   0.00095205  1982    10    22     0
  204.69   10.25   25.51  985.85   0.00100413  1982    10    22     6
  204.06   10.75   25.79  983.59   0.00105751  1982    10    22    12
  202.81   11.25   25.14  987.14   0.00102122  1982    10    22    18
  202.19   11.75   24.94  987.29   0.00081555  1982    10    23     0
  200.94   12.25   24.98  987.30   0.00084980  1982    10    23     6
  200.31   12.25   25.06  987.28   0.00077222  1982    10    23    12
  199.06   12.25   26.51  987.44   0.00086708  1982    10    23    18
  198.44   12.75   26.12  987.54   0.00078418  1982    10    24     0
  197.81   13.75   25.24  988.29   0.00086627  1982    10    24     6
  197.19   14.25   26.31  985.67   0.00113093  1982    10    24    12
  197.19   14.75   26.58  986.61   0.00112787  1982    10    24    18
  197.19   15.25   21.48  989.74   0.00087413  1982    10    25     0
start    20  1982    12     6     0
  173.44    8.25   15.61  996.79   0.00059264  1982    12     6     0
  173.44    8.25   15.50  994.25   0.00066915  1982    12     6     6
  173.44    8.25   15.81  995.48   0.00063100  1982    12     6    12
  173.44    8.75   19.42  993.88   0.00092224  1982    12     6    18
  172.81    8.75   20.32  995.25   0.00073694  1982    12     7     0
  172.19    9.25   19.67  993.81   0.00071527  1982    12     7     6
  172.19    9.25   21.78  995.38   0.00071875  1982    12     7    12
  171.56    9.25   21.35  994.28   0.00063497  1982    12     7    18
  170.31    9.75   20.01  995.25   0.00064559  1982    12     8     0
  169.69    9.75   20.08  994.01   0.00065380  1982    12     8     6
  169.69    9.25   21.67  994.96   0.00066494  1982    12     8    12
  169.69    8.75   19.42  994.20   0.00049293  1982    12     8    18
  169.69    8.75   19.61  995.23   0.00061301  1982    12     9     0
  169.69    8.75   19.13  993.88   0.00052010  1982    12     9     6
  169.69    8.75   17.13  996.25   0.00047803  1982    12     9    12
  169.69    8.25   18.91  994.61   0.00054302  1982    12     9    18
  169.06    8.25   18.80  995.99   0.00047374  1982    12    10     0
  168.44    8.25   18.55  993.78   0.00053895  1982    12    10     6
  167.81    7.75   19.55  995.75   0.00057250  1982    12    10    12
  167.19    7.75   17.49  995.95   0.00052195  1982    12    10    18
start    16  1982    12    12     0
  205.31    7.75   18.00  996.12   0.00045134  1982    12    12     0
  204.06    9.25   20.33  996.22   0.00046754  1982    12    12     6
  203.44    9.25   20.49  993.72   0.00052205  1982    12    12    12
  202.81    9.25   22.20  992.13   0.00075229  1982    12    12    18
  201.56    9.25   24.21  987.93   0.00104275  1982    12    13     0
  200.94    9.25   24.40  990.25   0.00087202  1982    12    13     6
  199.69    9.25   24.90  990.38   0.00086820  1982    12    13    12
  197.81    9.25   26.16  991.16   0.00075349  1982    12    13    18
  196.56    8.75   23.02  990.90   0.00058759  1982    12    14     0
  195.31    8.25   23.64  992.02   0.00062381  1982    12    14     6
  194.69    8.25   22.54  992.78   0.00072616  1982    12    14    12
  193.44    8.25   21.23  992.68   0.00062713  1982    12    14    18
  192.19    8.25   20.42  993.50   0.00050975  1982    12    15     0
  191.56    8.25   20.70  993.07   0.00053919  1982    12    15     6
  190.94    8.25   20.02  995.04   0.00062614  1982    12    15    12
  189.69    8.75   16.81  996.11   0.00035195  1982    12    15    18
