start    16  1980     1    12    18
   49.69    7.75   17.84  997.29   0.00062320  1980     1    12    18
   49.06    8.25   18.60  995.37   0.00071288  1980     1    13     0
   48.44    8.25   19.04  996.75   0.00084658  1980     1    13     6
   47.81    8.75   19.05  996.04   0.00060982  1980     1    13    12
   46.56    8.75   18.26  997.88   0.00063964  1980     1    13    18
   45.31    8.75   18.23  995.66   0.00070100  1980     1    14     0
   44.06    8.75   19.52  997.10   0.00063758  1980     1    14     6
   42.81    8.75   20.31  994.69   0.00070738  1980     1    14    12
   41.56    8.75   19.99  997.13   0.00067681  1980     1    14    18
   39.69    9.25   19.43  995.53   0.00067534  1980     1    15     0
   37.81    9.75   19.28  998.36   0.00050488  1980     1    15     6
   36.56    9.75   19.56  995.66   0.00064890  1980     1    15    12
   35.31   10.75   19.02  996.66   0.00070789  1980     1    15    18
   34.06   11.25   17.93  996.02   0.00065852  1980     1    16     0
   33.44   12.25   18.22  997.66   0.00071754  1980     1    16     6
   32.81   12.75   15.80  996.25   0.00050267  1980     1    16    12
start    13  1980     2    10     0
  197.19    7.75   17.77  994.69   0.00077893  1980     2    10     0
  197.19    8.25   19.11  995.33   0.00075579  1980     2    10     6
  197.19    9.25   21.39  991.91   0.00094010  1980     2    10    12
  196.56    9.75   24.64  991.26   0.00081614  1980     2    10    18
  196.56   10.75   20.97  989.89   0.00080459  1980     2    11     0
  195.94   11.25   23.03  988.80   0.00089270  1980     2    11     6
  195.31   11.25   21.24  987.69   0.00093193  1980     2    11    12
  194.69   11.75   24.69  986.30   0.00094799  1980     2    11    18
  194.06   12.75   23.35  984.36   0.00103206  1980     2    12     0
  194.06   13.25   23.88  984.90   0.00090857  1980     2    12     6
  194.06   14.25   27.11  982.80   0.00099512  1980     2    12    12
  194.06   15.25   28.80  979.15   0.00112461  1980     2    12    18
  195.31   16.25   26.00  984.76   0.00092002  1980     2    13     0
start    17  1980     3     1     6
  194.69    9.75   17.00  996.32   0.00069935  1980     3     1     6
  194.06   10.25   18.41  995.84   0.00078264  1980     3     1    12
  194.69   10.25   20.82  994.09   0.00091311  1980     3     1    18
  194.69   10.25   20.99  993.39   0.00091601  1980     3     2     0
  195.31   10.25   22.01  993.19   0.00087935  1980     3     2     6
  195.94    9.75   22.57  993.73   0.00086989  1980     3     2    12
  195.94    9.25   21.03  993.82   0.00081929  1980     3     2    18
  195.94    8.75   19.94  994.14   0.00076219  1980     3     3     0
  195.31    8.75   21.25  993.88   0.00075447  1980     3     3     6
  195.31    8.25   22.50  992.07   0.00097008  1980     3     3    12
  195.31    8.25   23.41  992.49   0.00108055  1980     3     3    18
  195.94    8.25   19.84  994.81   0.00074564  1980     3     4     0
  195.31    8.25   18.19  995.81   0.00064173  1980     3     4     6
  195.31    8.75   18.72  995.90   0.00058105  1980     3     4    12
  194.06    9.25   23.57  992.67   0.00082164  1980     3     4    18
  192.81    9.25   25.31  991.19   0.00116196  1980     3     5     0
  192.19    9.75   19.99  993.72   0.00078330  1980     3     5     6
start    16  1980     3     4     0
  207.81    9.25   24.35  990.66   0.00065905  1980     3     4     0
  207.81   10.25   26.81  988.06   0.00096000  1980     3     4     6
  208.44   11.25   22.63  989.18   0.00091742  1980     3     4    12
  208.44   11.25   27.52  987.47   0.00100362  1980     3     4    18
  208.44   10.75   23.93  987.61   0.00098055  1980     3     5     0
  208.44   10.75   24.52  989.61   0.00097737  1980     3     5     6
  208.44   10.25   24.09  989.39   0.00085716  1980     3     5    12
  208.44   10.25   23.52  991.60   0.00075057  1980     3     5    18
  207.81    9.75   24.16  988.89   0.00091132  1980     3     6     0
  207.19    9.75   25.62  989.15   0.00087432  1980     3     6     6
  206.56    9.75   22.75  989.85   0.00071303  1980     3     6    12
  205.94    9.75   23.53  992.24   0.00084282  1980     3     6    18
  204.69   10.25   22.89  991.44   0.00061847  1980     3     7     0
  203.44    9.75   20.60  993.50   0.00055031  1980     3     7     6
  202.19   10.25   22.23  991.99   0.00070198  1980     3     7    12
  200.94   10.25   25.66  990.35   0.00098067  1980     3     7    18
start    13  1980     3    20    18
  209.06    7.75   19.09 1000.77   0.00069727  1980     3    20    18
  206.56    8.25   15.41  999.46   0.00037474  1980     3    21     0
  205.31    7.75   14.39  998.47   0.00041336  1980     3    21     6
  204.06    7.75   17.07  997.56   0.00052572  1980     3    21    12
  202.19    7.75   20.24  997.66   0.00067539  1980     3    21    18
  200.31    7.75   18.15  997.41   0.00062705  1980     3    22     0
  199.06    7.75   16.68  998.78   0.00048617  1980     3    22     6
  197.19    7.25   16.56  998.11   0.00064752  1980     3    22    12
  195.31    6.75   18.82  997.82   0.00055368  1980     3    22    18
  193.44    6.25   17.14  998.56   0.00045245  1980     3    23     0
  192.19    6.25   17.15  998.56   0.00052424  1980     3    23     6
  190.31    6.25   18.87  999.24   0.00057067  1980     3    23    12
  189.06    6.25   19.38  997.43   0.00073465  1980     3    23    18
start    13  1980     3    24     6
  185.94    5.75   20.77  995.96   0.00069378  1980     3    24     6
  184.69    6.25   24.40  997.57   0.00093758  1980     3    24    12
  184.06    7.25   17.32  998.36   0.00057427  1980     3    24    18
  182.81    7.75   19.11  998.16   0.00050238  1980     3    25     0
  181.56    7.75   16.09  996.48   0.00030531  1980     3    25     6
  180.31    8.25   16.97  997.82   0.00031017  1980     3    25    12
  178.44    8.75   16.85  996.70   0.00033582  1980     3    25    18
  177.19    8.75   21.18  996.51   0.00053190  1980     3    26     0
  175.31    8.75   20.66  995.11   0.00049781  1980     3    26     6
  174.06    9.25   20.18  997.32   0.00042617  1980     3    26    12
  172.19    9.25   18.90  996.13   0.00038433  1980     3    26    18
  170.94    9.75   20.45  997.83   0.00037387  1980     3    27     0
  169.06    9.25   20.48  995.98   0.00040290  1980     3    27     6
start    15  1980     3    31    12
   62.19   10.75   17.80  993.54   0.00045102  1980     3    31    12
   61.56   10.25   19.84  993.39   0.00048038  1980     3    31    18
   60.94   10.25   25.37  987.31   0.00085446  1980     4     1     0
   59.69   10.25   25.59  987.36   0.00108955  1980     4     1     6
   59.06   10.25   22.87  986.71   0.00091820  1980     4     1    12
   57.81   10.25   26.38  989.46   0.00079514  1980     4     1    18
   55.94   10.25   24.87  986.42   0.00094903  1980     4     2     0
   54.69    9.75   25.72  987.44   0.00090812  1980     4     2     6
   54.06    9.75   24.81  983.49   0.00081720  1980     4     2    12
   53.44    9.75   24.99  986.21   0.00087580  1980     4     2    18
   52.81   10.25   25.45  984.95   0.00091184  1980     4     3     0
   51.56   10.75   24.47  985.68   0.00099697  1980     4     3     6
   50.94   11.25   20.71  986.17   0.00078902  1980     4     3    12
   50.31   11.75   23.13  987.34   0.00085308  1980     4     3    18
   49.69   11.75   23.90  985.01   0.00076542  1980     4     4     0
start    21  1980     5     9    18
  289.69    9.25   16.55  996.25   0.00038223  1980     5     9    18
  289.06    8.75   16.94  996.62   0.00046855  1980     5    10     0
  288.44    8.75   19.36  995.61   0.00054407  1980     5    10     6
  287.81    8.75   19.87  995.03   0.00059958  1980     5    10    12
  287.19    9.25   20.84  994.57   0.00055950  1980     5    10    18
  285.94    8.75   18.21  995.69   0.00055700  1980     5    11     0
  284.69    8.75   17.82  995.46   0.00049279  1980     5    11     6
  282.81    8.25   18.95  994.58   0.00056184  1980     5    11    12
  281.56    8.25   21.01  993.76   0.00072466  1980     5    11    18
  280.31    7.75   20.43  994.76   0.00064984  1980     5    12     0
  278.44    7.75   23.81  994.12   0.00081282  1980     5    12     6
  277.19    7.75   24.48  993.12   0.00094796  1980     5    12    12
  275.31    7.25   21.02  994.51   0.00067227  1980     5    12    18
  274.06    7.25   21.65  993.19   0.00081609  1980     5    13     0
  272.19    7.25   21.43  996.15   0.00064953  1980     5    13     6
  270.94    6.75   20.03  996.34   0.00062711  1980     5    13    12
  269.06    6.75   17.44  996.96   0.00054570  1980     5    13    18
  267.19    7.25   17.80  996.42   0.00045610  1980     5    14     0
  265.31    7.25   18.32  997.45   0.00043861  1980     5    14     6
  262.81    7.25   18.52  996.12   0.00050932  1980     5    14    12
  260.94    7.25   20.00  997.34   0.00053458  1980     5    14    18
start    14  1980     6    13    18
   31.56   10.75   15.37  998.61   0.00048077  1980     6    13    18
   30.94   10.75   16.28  996.61   0.00058969  1980     6    14     0
   30.94   10.75   16.45  997.21   0.00058265  1980     6    14     6
   30.31   10.75   15.24  996.28   0.00048858  1980     6    14    12
   30.31   10.75   17.16  997.15   0.00056950  1980     6    14    18
   29.06   10.75   21.08  995.23   0.00074336  1980     6    15     0
   28.44   10.75   19.95  996.81   0.00068425  1980     6    15     6
   27.19   11.25   19.96  995.38   0.00067173  1980     6    15    12
   25.94   11.75   19.95  996.58   0.00061879  1980     6    15    18
   24.69   12.25   19.50  997.06   0.00064907  1980     6    16     0
   24.06   13.25   18.15  998.65   0.00051394  1980     6    16     6
   24.06   13.75   18.40  997.17   0.00051126  1980     6    16    12
   24.06   15.25   17.16  997.51   0.00060721  1980     6    16    18
   24.06   16.75   20.16  996.59   0.00061621  1980     6    17     0
start    14  1980     6    24     6
   30.94   11.25   21.66  998.70   0.00062507  1980     6    24     6
   30.94   11.25   18.12  997.52   0.00055132  1980     6    24    12
   30.31   11.25   20.40  997.52   0.00069860  1980     6    24    18
   29.06   11.25   17.53  997.23   0.00056708  1980     6    25     0
   28.44   11.25   20.69  998.77   0.00065945  1980     6    25     6
   27.81   11.25   18.90  997.79   0.00067212  1980     6    25    12
   27.19   11.75   18.79  999.47   0.00066101  1980     6    25    18
   25.94   11.75   16.16  999.45   0.00050169  1980     6    26     0
   25.31   12.25   17.01 1000.11   0.00050910  1980     6    26     6
   24.06   12.75   16.93  998.56   0.00043492  1980     6    26    12
   23.44   13.25   16.21 1000.22   0.00046802  1980     6    26    18
   22.81   14.25   18.15  998.32   0.00084844  1980     6    27     0
   22.81   14.25   17.61 1000.08   0.00070721  1980     6    27     6
   22.81   15.25   16.24  999.03   0.00058852  1980     6    27    12
start    15  1980     7     9    18
  308.44    8.25   20.36  991.95   0.00098244  1980     7     9    18
  308.44    8.25   20.12  995.35   0.00086165  1980     7    10     0
  308.44    8.75   23.65  990.16   0.00125910  1980     7    10     6
  308.44    9.25   23.26  993.44   0.00110378  1980     7    10    12
  308.44    9.75   22.51  991.06   0.00122845  1980     7    10    18
  308.44   10.25   21.41  993.87   0.00100830  1980     7    11     0
  307.81   10.75   23.18  991.91   0.00102282  1980     7    11     6
  307.19   10.75   22.49  995.40   0.00075511  1980     7    11    12
  306.56   10.25   20.16  994.01   0.00063537  1980     7    11    18
  305.94   10.25   18.11  996.58   0.00061043  1980     7    12     0
  304.69   10.25   16.86  995.87   0.00051153  1980     7    12     6
  303.44   10.25   17.75  997.28   0.00055155  1980     7    12    12
  302.81   10.25   19.79  993.99   0.00063947  1980     7    12    18
  301.56   10.25   20.85  997.97   0.00064493  1980     7    13     0
  300.31   10.25   15.72  998.52   0.00040784  1980     7    13     6
start    18  1980     8    11     0
   25.94    7.75   15.80  997.04   0.00066032  1980     8    11     0
   25.94    7.75   16.52  997.86   0.00065993  1980     8    11     6
   25.94    7.75   17.84  995.40   0.00079585  1980     8    11    12
   25.94    8.25   16.90  996.03   0.00076787  1980     8    11    18
   25.31    8.75   19.57  996.47   0.00062634  1980     8    12     0
   24.69    8.75   19.77  997.86   0.00056599  1980     8    12     6
   24.06    8.75   17.95  996.43   0.00057389  1980     8    12    12
   23.44    8.25   17.60  996.86   0.00059856  1980     8    12    18
   22.81    8.25   17.92  997.81   0.00052812  1980     8    13     0
   21.56    8.25   18.32  998.35   0.00059575  1980     8    13     6
   20.31    8.25   18.64  998.11   0.00062581  1980     8    13    12
   19.06    8.25   18.51  999.19   0.00052338  1980     8    13    18
   18.44    7.75   16.21 1000.09   0.00048282  1980     8    14     0
   17.19    8.25   16.45  999.67   0.00049546  1980     8    14     6
   17.19    7.75   17.12  999.51   0.00068844  1980     8    14    12
   16.56    7.75   17.72 1000.15   0.00051032  1980     8    14    18
   15.94    7.75   16.73 1000.14   0.00052291  1980     8    15     0
   15.31    7.25   17.22  999.75   0.00052435  1980     8    15     6
start    13  1980     8    17     0
  112.19    8.25   16.59  998.29   0.00060455  1980     8    17     0
  112.19    8.75   17.24  995.72   0.00059582  1980     8    17     6
  111.56    8.75   16.88  996.60   0.00062473  1980     8    17    12
  111.56    9.25   17.44  996.13   0.00066796  1980     8    17    18
  110.94    9.25   17.46  996.57   0.00064013  1980     8    18     0
  110.31    9.75   18.66  995.47   0.00072277  1980     8    18     6
  109.69    9.75   18.24  996.87   0.00051496  1980     8    18    12
  109.06   10.25   17.88  995.83   0.00047849  1980     8    18    18
  109.06   10.75   18.31  996.43   0.00065014  1980     8    19     0
  108.44   11.25   17.30  996.46   0.00053254  1980     8    19     6
  107.81   11.75   16.81  996.88   0.00041105  1980     8    19    12
  107.19   12.25   16.95  997.31   0.00049391  1980     8    19    18
  106.56   12.75   15.45  997.43   0.00063983  1980     8    20     0
start    14  1980     8    17    12
    7.81    7.75   16.13  998.78   0.00042616  1980     8    17    12
    6.56    7.75   17.23  998.28   0.00046851  1980     8    17    18
    5.31    7.75   15.86  998.94   0.00033781  1980     8    18     0
    2.81    7.25   15.87  998.50   0.00030526  1980     8    18     6
    1.56    7.25   16.08  999.22   0.00054872  1980     8    18    12
  359.69    6.75   15.88  998.51   0.00037291  1980     8    18    18
  357.81    6.75   16.68  999.42   0.00040582  1980     8    19     0
  356.56    6.75   18.58  999.26   0.00056247  1980     8    19     6
  354.69    7.25   17.71 1000.69   0.00050569  1980     8    19    12
  352.81    7.75   17.31  999.47   0.00042846  1980     8    19    18
  351.56    8.25   15.49 1001.60   0.00031375  1980     8    20     0
  349.69    9.25   15.96 1000.21   0.00045047  1980     8    20     6
  347.81    9.75   15.87 1001.33   0.00051840  1980     8    20    12
  345.94   10.25   17.41  999.42   0.00049080  1980     8    20    18
start    13  1980     8    25     0
  191.56   13.75   19.86  993.24   0.00066169  1980     8    25     0
  189.69   14.25   16.67  995.05   0.00052145  1980     8    25     6
  189.06   14.25   18.73  994.02   0.00066910  1980     8    25    12
  187.81   14.75   20.34  992.64   0.00077026  1980     8    25    18
  187.19   15.25   21.69  992.09   0.00079422  1980     8    26     0
  185.94   14.75   19.26  994.73   0.00054157  1980     8    26     6
  185.31   14.75   16.72  996.87   0.00052125  1980     8    26    12
  184.06   14.25   16.04  997.80   0.00036862  1980     8    26    18
  182.81   13.75   14.90  999.24   0.00024883  1980     8    27     0
  180.94   13.25   15.75  999.63   0.00026959  1980     8    27     6
  178.44   12.75   15.86 1001.40   0.00024849  1980     8    27    12
  176.56   12.25   17.05 1000.37   0.00027271  1980     8    27    18
  174.69   12.25   17.15 1001.29   0.00022172  1980     8    28     0
start    16  1980     8    27     6
  277.19    4.25   17.06  995.90   0.00090001  1980     8    27     6
  277.19    4.75   16.72  995.26   0.00059011  1980     8    27    12
  276.56    5.25   20.67  992.65   0.00079895  1980     8    27    18
  275.94    5.25   23.70  988.83   0.00106004  1980     8    28     0
  275.31    5.75   22.13  989.94   0.00100852  1980     8    28     6
  275.31    5.75   22.40  990.57   0.00112197  1980     8    28    12
  274.69    6.25   22.10  990.64   0.00121920  1980     8    28    18
  274.06    6.75   19.58  991.76   0.00075189  1980     8    29     0
  274.06    6.25   20.44  995.01   0.00076611  1980     8    29     6
  273.44    6.25   21.03  994.92   0.00073352  1980     8    29    12
  272.81    6.75   20.32  994.80   0.00071413  1980     8    29    18
  271.56    6.75   20.33  993.59   0.00069488  1980     8    30     0
  270.94    6.75   18.70  995.69   0.00063568  1980     8    30     6
  269.69    6.75   18.86  994.50   0.00060070  1980     8    30    12
  268.44    6.75   20.63  995.66   0.00052846  1980     8    30    18
  267.19    6.75   17.86  996.21   0.00049733  1980     8    31     0
start    12  1980     9    23     6
  318.44    7.25   23.36  990.94   0.00080763  1980     9    23     6
  317.81    7.75   24.41  990.98   0.00101709  1980     9    23    12
  317.19    8.75   20.86  991.89   0.00095309  1980     9    23    18
  317.19    9.25   19.45  993.10   0.00080957  1980     9    24     0
  317.19    9.75   18.26  992.81   0.00074966  1980     9    24     6
  317.81    9.75   16.11  995.06   0.00055580  1980     9    24    12
  318.44   10.25   17.95  991.38   0.00066854  1980     9    24    18
  319.06   10.75   20.52  992.15   0.00067778  1980     9    25     0
  320.31   11.25   21.77  989.84   0.00076095  1980     9    25     6
  320.94   11.75   23.31  989.88   0.00085625  1980     9    25    12
  322.19   11.75   21.80  987.47   0.00083574  1980     9    25    18
  322.81   11.75   19.52  992.88   0.00066847  1980     9    26     0
start    13  1980     9    23    12
  197.81    7.75   22.99  992.54   0.00079625  1980     9    23    12
  197.19    7.75   18.96  993.32   0.00069497  1980     9    23    18
  196.56    7.75   17.08  991.84   0.00069918  1980     9    24     0
  195.94    8.25   20.69  992.17   0.00060931  1980     9    24     6
  194.06    8.75   21.43  991.51   0.00052100  1980     9    24    12
  192.81    9.25   26.62  988.28   0.00073463  1980     9    24    18
  190.31    9.25   28.10  984.57   0.00106576  1980     9    25     0
  188.44    9.75   26.38  986.81   0.00094386  1980     9    25     6
  186.56   10.75   27.16  988.91   0.00089372  1980     9    25    12
  184.69   11.25   27.15  987.03   0.00089852  1980     9    25    18
  183.44   11.75   27.53  988.48   0.00083847  1980     9    26     0
  182.19   12.25   24.18  990.15   0.00068741  1980     9    26     6
  181.56   13.25   21.23  994.11   0.00057830  1980     9    26    12
start    12  1980     9    30     6
  132.19    6.25   15.21  995.68   0.00069592  1980     9    30     6
  131.56    6.75   20.12  998.39   0.00075782  1980     9    30    12
  130.31    6.75   18.07  997.48   0.00057657  1980     9    30    18
  129.06    7.25   17.47  999.65   0.00061673  1980    10     1     0
  128.44    7.75   17.46  996.47   0.00074091  1980    10     1     6
  127.19    8.25   17.22  998.46   0.00047748  1980    10     1    12
  126.56    8.75   17.92  996.19   0.00078349  1980    10     1    18
  125.94    8.75   15.77  996.68   0.00060677  1980    10     2     0
  125.31    8.75   17.35  993.48   0.00080509  1980    10     2     6
  124.69    8.75   17.65  994.71   0.00063542  1980    10     2    12
  124.06    9.25   18.52  993.62   0.00067481  1980    10     2    18
  123.44    9.25   20.18  993.21   0.00081493  1980    10     3     0
start    12  1980    10     4    18
   15.31   11.75   23.74  993.14   0.00083324  1980    10     4    18
   14.69   12.25   19.22  994.78   0.00066858  1980    10     5     0
   14.06   12.75   19.30  993.50   0.00070429  1980    10     5     6
   14.06   13.75   20.62  993.16   0.00073590  1980    10     5    12
   14.06   14.75   20.10  992.33   0.00075272  1980    10     5    18
   14.06   15.75   18.22  993.63   0.00064512  1980    10     6     0
   14.06   16.25   18.42  994.23   0.00053724  1980    10     6     6
   14.69   17.25   18.79  994.27   0.00052581  1980    10     6    12
   14.69   17.75   16.69  993.69   0.00053378  1980    10     6    18
   15.31   18.75   17.92  993.06   0.00066649  1980    10     7     0
   15.94   20.25   20.33  992.53   0.00062095  1980    10     7     6
   16.56   21.25   19.05  992.59   0.00050033  1980    10     7    12
start    13  1980    10     8    12
  194.69    5.25   16.69  999.04   0.00058829  1980    10     8    12
  194.06    6.25   19.10  998.19   0.00057366  1980    10     8    18
  192.81    6.75   18.00  998.27   0.00052348  1980    10     9     0
  191.56    6.75   20.62  994.69   0.00084174  1980    10     9     6
  190.31    7.25   18.89  996.73   0.00062064  1980    10     9    12
  189.06    7.75   20.64  995.69   0.00061314  1980    10     9    18
  187.81    7.75   19.78  996.70   0.00053092  1980    10    10     0
  186.56    7.75   18.97  996.07   0.00049919  1980    10    10     6
  185.31    7.75   17.21  997.43   0.00046701  1980    10    10    12
  184.06    7.75   18.12  997.30   0.00048213  1980    10    10    18
  182.19    8.25   18.19  997.86   0.00044625  1980    10    11     0
  180.94    8.25   17.06  996.60   0.00051578  1980    10    11     6
  179.69    8.25   16.71  997.61   0.00043156  1980    10    11    12
start    13  1980    10    17    12
  238.44    6.25   17.86  997.43   0.00064397  1980    10    17    12
  237.19    6.75   19.43  998.55   0.00066564  1980    10    17    18
  235.94    7.25   20.04  996.53   0.00062110  1980    10    18     0
  234.06    8.25   20.30  999.06   0.00073170  1980    10    18     6
  232.19    8.75   18.91  997.22   0.00056969  1980    10    18    12
  230.31    8.25   17.73  998.58   0.00065025  1980    10    18    18
  228.44    8.75   17.82  995.93   0.00049202  1980    10    19     0
  226.56    8.75   19.02  998.33   0.00050436  1980    10    19     6
  225.31    9.25   19.60  996.86   0.00053056  1980    10    19    12
  223.44    9.25   18.35  998.99   0.00047557  1980    10    19    18
  222.81    9.25   18.62  995.76   0.00060258  1980    10    20     0
  221.56    9.75   19.15  997.13   0.00062248  1980    10    20     6
  219.69    9.75   18.49  995.78   0.00043600  1980    10    20    12
start    16  1980    10    23     6
  124.69   11.75   23.05  986.71   0.00092213  1980    10    23     6
  124.06   11.75   25.61  988.99   0.00086610  1980    10    23    12
  122.81   11.75   25.77  986.43   0.00096281  1980    10    23    18
  121.56   11.75   24.11  988.69   0.00086719  1980    10    24     0
  120.31   12.25   25.18  988.55   0.00088941  1980    10    24     6
  119.06   12.25   24.84  988.36   0.00111909  1980    10    24    12
  117.81   12.75   23.79  989.45   0.00080785  1980    10    24    18
  117.19   13.25   25.35  989.00   0.00101751  1980    10    25     0
  115.94   13.75   24.64  988.70   0.00103586  1980    10    25     6
  115.31   13.75   23.25  990.09   0.00075901  1980    10    25    12
  114.06   13.75   23.20  991.60   0.00073323  1980    10    25    18
  113.44   13.75   21.38  991.97   0.00064224  1980    10    26     0
  112.19   13.75   20.65  991.25   0.00065787  1980    10    26     6
  111.56   13.75   22.71  991.50   0.00061788  1980    10    26    12
  110.31   13.75   20.69  993.07   0.00058599  1980    10    26    18
  109.69   13.25   20.53  993.21   0.00055793  1980    10    27     0
start    29  1980    10    24     0
   93.44    9.25   16.36  994.72   0.00062256  1980    10    24     0
   93.44    9.25   17.87  994.73   0.00069892  1980    10    24     6
   93.44    9.25   19.43  992.21   0.00083802  1980    10    24    12
   92.81    9.25   22.56  993.40   0.00087938  1980    10    24    18
   92.81    8.75   20.25  991.22   0.00075942  1980    10    25     0
   92.81    8.25   19.55  993.09   0.00064787  1980    10    25     6
   92.19    8.25   19.99  991.95   0.00055652  1980    10    25    12
   91.56    7.75   19.52  993.27   0.00054826  1980    10    25    18
   91.56    7.75   19.55  991.85   0.00076656  1980    10    26     0
   91.56    7.75   21.00  992.08   0.00089971  1980    10    26     6
   91.56    8.25   20.82  992.87   0.00079147  1980    10    26    12
   90.94    8.75   18.45  994.83   0.00066330  1980    10    26    18
   90.31    8.75   18.04  993.25   0.00059601  1980    10    27     0
   89.69    9.25   20.46  992.64   0.00069203  1980    10    27     6
   89.69    9.25   22.01  989.61   0.00084442  1980    10    27    12
   89.06    8.75   23.05  991.04   0.00076351  1980    10    27    18
   88.44    8.75   22.91  991.01   0.00083359  1980    10    28     0
   87.81    8.75   23.35  992.01   0.00079728  1980    10    28     6
   87.19    9.25   24.36  991.42   0.00077792  1980    10    28    12
   85.31    8.75   20.76  992.64   0.00065263  1980    10    28    18
   84.06    8.25   18.39  993.51   0.00057828  1980    10    29     0
   82.19    8.25   18.89  994.88   0.00049939  1980    10    29     6
   80.31    8.25   20.28  993.45   0.00046949  1980    10    29    12
   78.44    7.75   23.91  994.06   0.00059042  1980    10    29    18
   76.56    7.25   23.15  993.27   0.00063056  1980    10    30     0
   75.31    7.25   22.18  997.36   0.00060683  1980    10    30     6
   73.44    7.25   21.19  995.73   0.00067502  1980    10    30    12
   72.19    7.75   20.42  999.57   0.00055169  1980    10    30    18
   70.31    8.25   19.18  998.92   0.00056954  1980    10    31     0
start    12  1980    11     3    18
  327.81    9.25   22.12  993.35   0.00067034  1980    11     3    18
  326.56    9.25   24.88  993.64   0.00093094  1980    11     4     0
  325.31    9.25   23.53  991.43   0.00097284  1980    11     4     6
  324.06    9.25   24.64  993.43   0.00081789  1980    11     4    12
  322.81    9.25   21.41  991.31   0.00080982  1980    11     4    18
  321.56    9.75   19.74  993.88   0.00067638  1980    11     5     0
  320.31    9.75   19.07  992.97   0.00069573  1980    11     5     6
  319.69    9.75   20.57  994.85   0.00076118  1980    11     5    12
  318.44    9.75   20.07  992.67   0.00073464  1980    11     5    18
  317.81   10.25   18.91  994.25   0.00073639  1980    11     6     0
  317.19   10.75   19.70  992.00   0.00084420  1980    11     6     6
  316.56   10.25   19.70  995.17   0.00069250  1980    11     6    12
start    21  1980    11    22     0
  283.44   10.25   19.18  996.56   0.00054200  1980    11    22     0
  281.56   10.75   20.54  997.38   0.00052827  1980    11    22     6
  279.69   10.25   16.81  997.56   0.00037637  1980    11    22    12
  278.44   10.25   19.64  996.95   0.00045132  1980    11    22    18
  277.19   10.25   19.06  996.15   0.00049846  1980    11    23     0
  275.94    9.75   21.16  996.94   0.00070891  1980    11    23     6
  274.69   10.25   22.18  996.99   0.00076314  1980    11    23    12
  272.81   10.25   19.47  997.37   0.00056575  1980    11    23    18
  270.94   10.25   17.92  996.58   0.00044058  1980    11    24     0
  269.69   10.25   18.96  997.99   0.00048031  1980    11    24     6
  268.44   10.75   20.32  996.65   0.00057825  1980    11    24    12
  266.56   10.75   20.10  997.73   0.00051642  1980    11    24    18
  265.31   11.25   19.19  996.78   0.00050294  1980    11    25     0
  263.44   11.25   18.99  998.44   0.00041879  1980    11    25     6
  262.19   11.25   17.38  998.23   0.00040259  1980    11    25    12
  260.31   11.25   17.86  998.57   0.00043767  1980    11    25    18
  258.44   11.25   17.65  997.72   0.00039749  1980    11    26     0
  257.19   11.75   18.37  999.25   0.00041573  1980    11    26     6
  255.94   12.25   19.52  997.74   0.00066784  1980    11    26    12
  255.31   12.25   16.89 1000.33   0.00048193  1980    11    26    18
  254.06   12.25   14.71  997.91   0.00032355  1980    11    27     0
start    13  1980    11    30     0
   69.69   11.25   18.35  994.82   0.00050704  1980    11    30     0
   68.44   10.75   21.56  995.20   0.00074519  1980    11    30     6
   67.81   10.25   21.14  993.64   0.00057506  1980    11    30    12
   67.19   10.25   19.12  996.21   0.00053356  1980    11    30    18
   65.94   10.25   17.86  994.61   0.00046083  1980    12     1     0
   64.69   10.25   19.10  996.71   0.00048553  1980    12     1     6
   63.44    9.75   19.82  993.27   0.00050756  1980    12     1    12
   62.19    9.75   21.97  995.04   0.00052492  1980    12     1    18
   60.94    9.25   19.61  994.61   0.00052504  1980    12     2     0
   59.06    9.25   21.41  996.76   0.00051090  1980    12     2     6
   58.44   10.25   19.38  993.92   0.00062618  1980    12     2    12
   57.19   10.75   18.26  996.27   0.00053452  1980    12     2    18
   55.94   11.75   15.60  995.13   0.00052407  1980    12     3     0
start    24  1980    12    21     6
  344.06   10.25   23.29  991.87   0.00065562  1980    12    21     6
  342.19   10.75   22.14  992.99   0.00070207  1980    12    21    12
  340.94   11.25   21.83  991.60   0.00061369  1980    12    21    18
  339.69   11.75   22.08  994.21   0.00056464  1980    12    22     0
  339.06   12.25   21.59  990.74   0.00072692  1980    12    22     6
  338.44   12.75   20.73  990.28   0.00086468  1980    12    22    12
  338.44   13.25   21.34  989.71   0.00078522  1980    12    22    18
  337.81   13.75   22.89  990.41   0.00089410  1980    12    23     0
  337.81   14.25   22.49  987.01   0.00094611  1980    12    23     6
  337.81   14.25   22.04  988.34   0.00089319  1980    12    23    12
  337.81   14.25   23.02  987.41   0.00081138  1980    12    23    18
  338.44   14.25   24.25  986.20   0.00091481  1980    12    24     0
  339.06   14.75   24.40  985.91   0.00077129  1980    12    24     6
  339.06   15.25   21.56  988.98   0.00075197  1980    12    24    12
  338.44   14.75   19.20  988.63   0.00057923  1980    12    24    18
  338.44   15.25   19.12  990.94   0.00061574  1980    12    25     0
  338.44   14.75   17.80  990.26   0.00052729  1980    12    25     6
  337.81   14.75   17.93  992.38   0.00046877  1980    12    25    12
  337.19   14.25   17.13  990.84   0.00039608  1980    12    25    18
  336.56   13.75   18.66  992.45   0.00043845  1980    12    26     0
  335.31   13.75   23.78  989.83   0.00055131  1980    12    26     6
  334.06   13.75   23.60  991.52   0.00056856  1980    12    26    12
  333.44   14.25   20.50  990.70   0.00063785  1980    12    26    18
  332.19   14.75   20.49  993.17   0.00068171  1980    12    27     0
