start    15  1981     1     5     6
   34.06    7.25   18.54  994.50   0.00084690  1981     1     5     6
   34.06    7.25   21.60  992.01   0.00097335  1981     1     5    12
   33.44    7.75   20.27  994.55   0.00095054  1981     1     5    18
   33.44    7.75   21.24  991.00   0.00119977  1981     1     6     0
   33.44    7.75   23.63  991.69   0.00116328  1981     1     6     6
   32.81    7.75   25.29  988.82   0.00131855  1981     1     6    12
   32.19    7.75   23.26  990.78   0.00117563  1981     1     6    18
   31.56    7.75   22.68  990.85   0.00110381  1981     1     7     0
   30.94    7.75   22.23  992.07   0.00106900  1981     1     7     6
   29.69    8.25   22.92  993.17   0.00089222  1981     1     7    12
   28.44    8.25   23.97  992.61   0.00105903  1981     1     7    18
   27.19    8.25   22.64  992.56   0.00077538  1981     1     8     0
   25.31    8.25   22.62  993.14   0.00080139  1981     1     8     6
   23.44    8.25   21.06  993.18   0.00070027  1981     1     8    12
   21.56    8.25   19.97  995.06   0.00058663  1981     1     8    18
start    12  1981     1     6    12
   42.19    8.75   18.53  993.36   0.00102586  1981     1     6    12
   42.19    8.75   19.57  996.45   0.00084054  1981     1     6    18
   41.56    8.75   20.57  993.74   0.00086431  1981     1     7     0
   40.94    8.75   21.05  995.29   0.00091780  1981     1     7     6
   39.69    8.25   20.67  993.02   0.00071273  1981     1     7    12
   39.06    8.25   21.20  993.15   0.00094334  1981     1     7    18
   37.81    8.75   22.12  992.60   0.00083656  1981     1     8     0
   36.56    8.25   21.91  993.40   0.00084645  1981     1     8     6
   35.31    8.75   21.73  991.37   0.00078466  1981     1     8    12
   33.44    8.75   21.58  993.86   0.00069917  1981     1     8    18
   32.19    9.25   23.48  993.15   0.00074042  1981     1     9     0
   30.31    9.25   22.09  993.81   0.00067097  1981     1     9     6
start    14  1981     1    23    12
  130.31    7.75   19.94  991.58   0.00061632  1981     1    23    12
  130.94    7.75   25.24  988.43   0.00097130  1981     1    23    18
  129.69    8.75   26.23  990.94   0.00109486  1981     1    24     0
  129.06    8.75   25.48  987.16   0.00117898  1981     1    24     6
  128.44    8.75   23.76  987.72   0.00112849  1981     1    24    12
  127.81    9.25   23.80  988.80   0.00109667  1981     1    24    18
  127.19    9.25   21.36  989.30   0.00104583  1981     1    25     0
  126.56    9.75   23.49  987.00   0.00115984  1981     1    25     6
  125.94    9.75   22.59  988.61   0.00118705  1981     1    25    12
  125.31   10.25   24.07  987.30   0.00109861  1981     1    25    18
  125.31   10.75   24.34  988.59   0.00100246  1981     1    26     0
  124.69   11.25   20.96  988.16   0.00074774  1981     1    26     6
  124.06   11.75   18.06  992.40   0.00057174  1981     1    26    12
  124.06   12.75   16.93  992.84   0.00049837  1981     1    26    18
start    14  1981     2     2    12
  328.44    6.25   22.86  993.68   0.00104189  1981     2     2    12
  327.81    6.25   22.17  988.96   0.00103424  1981     2     2    18
  327.19    6.25   26.13  989.41   0.00113051  1981     2     3     0
  327.19    6.25   23.76  988.09   0.00108497  1981     2     3     6
  327.19    6.25   21.08  992.91   0.00093407  1981     2     3    12
  327.81    6.25   20.90  993.34   0.00070276  1981     2     3    18
  327.81    6.25   21.77  995.79   0.00069563  1981     2     4     0
  328.44    6.25   22.25  992.86   0.00090400  1981     2     4     6
  329.06    6.75   22.82  994.71   0.00081123  1981     2     4    12
  329.06    6.75   22.77  991.96   0.00079934  1981     2     4    18
  329.69    7.25   22.98  994.54   0.00083054  1981     2     5     0
  329.06    8.25   20.38  994.44   0.00078456  1981     2     5     6
  328.44    8.75   20.26  996.11   0.00077192  1981     2     5    12
  327.19    9.25   16.88  995.02   0.00060740  1981     2     5    18
start    12  1981     2     4     0
  340.94    9.25   20.76  994.22   0.00073239  1981     2     4     0
  340.31    9.25   21.81  989.33   0.00094931  1981     2     4     6
  340.31    9.25   21.06  992.87   0.00093609  1981     2     4    12
  340.31    9.75   20.36  993.05   0.00069258  1981     2     4    18
  339.69    9.75   21.57  995.33   0.00081730  1981     2     5     0
  339.69    9.25   24.13  995.00   0.00084107  1981     2     5     6
  339.06    9.75   21.30  993.50   0.00086620  1981     2     5    12
  338.44   10.75   21.48  990.76   0.00070203  1981     2     5    18
  337.19   11.25   21.20  991.64   0.00077078  1981     2     6     0
  335.94   11.75   22.62  989.52   0.00090381  1981     2     6     6
  334.69   12.75   23.24  993.86   0.00073254  1981     2     6    12
  332.81   13.25   23.41  992.33   0.00060694  1981     2     6    18
start    12  1981     3     3    12
  332.81   11.25   18.02  998.57   0.00066009  1981     3     3    12
  332.19   12.25   19.91  995.90   0.00049629  1981     3     3    18
  330.94   12.25   19.77  997.07   0.00048892  1981     3     4     0
  330.31   12.25   17.13  995.69   0.00043953  1981     3     4     6
  329.69   12.25   16.57  998.46   0.00040690  1981     3     4    12
  329.69   12.25   15.40  996.53   0.00032816  1981     3     4    18
  329.06   12.75   16.13  998.95   0.00031364  1981     3     5     0
  328.44   12.75   17.91  996.09   0.00047605  1981     3     5     6
  327.81   12.75   17.98  996.47   0.00041831  1981     3     5    12
  327.19   12.75   18.39  993.56   0.00056887  1981     3     5    18
  326.56   12.25   20.30  996.27   0.00055538  1981     3     6     0
  325.94   12.25   20.10  994.32   0.00056338  1981     3     6     6
start    24  1981     3     7     6
  154.69    7.75   19.42  995.32   0.00065834  1981     3     7     6
  153.44    7.25   19.82  996.74   0.00069946  1981     3     7    12
  151.56    7.25   18.45  994.62   0.00060178  1981     3     7    18
  150.31    7.25   16.85  997.01   0.00053952  1981     3     8     0
  149.06    6.75   15.35  994.67   0.00060665  1981     3     8     6
  148.44    6.75   14.26  997.05   0.00056245  1981     3     8    12
  147.81    7.25   14.84  995.29   0.00053803  1981     3     8    18
  147.19    7.25   17.06  996.77   0.00054636  1981     3     9     0
  146.56    7.25   16.20  994.67   0.00063938  1981     3     9     6
  146.56    7.75   16.82  996.64   0.00055854  1981     3     9    12
  145.94    8.25   18.64  995.43   0.00066000  1981     3     9    18
  145.94    8.75   19.84  997.67   0.00075498  1981     3    10     0
  145.94    9.75   19.69  995.41   0.00065985  1981     3    10     6
  145.94   10.25   17.36  997.42   0.00066320  1981     3    10    12
  145.94   10.75   17.38  995.20   0.00081464  1981     3    10    18
  146.56   11.25   17.97  998.40   0.00095748  1981     3    11     0
  146.56   11.25   16.20  996.32   0.00052492  1981     3    11     6
  146.56   11.25   17.17  998.25   0.00049858  1981     3    11    12
  146.56   11.25   15.65  997.16   0.00049116  1981     3    11    18
  145.94   11.25   17.13  999.57   0.00054204  1981     3    12     0
  144.69   10.75   17.71  996.72   0.00049033  1981     3    12     6
  144.06   10.25   18.12  999.02   0.00044678  1981     3    12    12
  143.44   10.25   17.62  996.39   0.00049334  1981     3    12    18
  142.19   10.25   17.56  998.32   0.00039989  1981     3    13     0
start    16  1981     4     6    18
  316.56    8.25   20.38  992.21   0.00065111  1981     4     6    18
  316.56    7.75   22.01  992.64   0.00083950  1981     4     7     0
  315.94    8.25   21.90  990.44   0.00107225  1981     4     7     6
  315.94    8.75   17.86  994.45   0.00072141  1981     4     7    12
  315.31    9.25   17.62  993.10   0.00061389  1981     4     7    18
  314.06    9.75   19.41  995.95   0.00056219  1981     4     8     0
  312.81   10.25   19.89  995.43   0.00054670  1981     4     8     6
  312.19   10.75   23.14  995.30   0.00104566  1981     4     8    12
  310.94   11.25   22.64  994.51   0.00078681  1981     4     8    18
  310.31   11.75   19.82  997.65   0.00057049  1981     4     9     0
  309.06   12.25   16.26  996.87   0.00048201  1981     4     9     6
  309.06   13.25   16.51  998.49   0.00054829  1981     4     9    12
  308.44   13.75   16.62  995.60   0.00054357  1981     4     9    18
  307.81   14.25   17.03  997.47   0.00054165  1981     4    10     0
  307.19   14.25   14.77  997.70   0.00037286  1981     4    10     6
  306.56   14.25   13.36 1000.00   0.00031593  1981     4    10    12
start    15  1981     4    25     0
  114.06    9.25   16.57  995.97   0.00096841  1981     4    25     0
  114.69    9.25   18.41  995.02   0.00053290  1981     4    25     6
  114.69   10.25   18.44  994.43   0.00056121  1981     4    25    12
  114.06   10.25   16.88  993.50   0.00043336  1981     4    25    18
  113.44    9.75   20.49  991.73   0.00061877  1981     4    26     0
  112.81   10.25   23.37  988.28   0.00069674  1981     4    26     6
  112.19   10.25   24.26  988.50   0.00082989  1981     4    26    12
  111.56   10.25   24.81  989.02   0.00072953  1981     4    26    18
  110.94    9.75   21.70  990.65   0.00068263  1981     4    27     0
  110.31   10.25   21.57  991.35   0.00074163  1981     4    27     6
  109.69   10.25   21.45  991.46   0.00064575  1981     4    27    12
  109.06   10.75   21.91  990.51   0.00078036  1981     4    27    18
  108.44   10.75   22.04  990.67   0.00085903  1981     4    28     0
  107.81   11.25   18.55  992.99   0.00041793  1981     4    28     6
  107.19   11.75   15.43  994.94   0.00033688  1981     4    28    12
start    26  1981     5    18     0
  232.81    9.25   19.61  991.14   0.00085728  1981     5    18     0
  231.56    9.25   20.46  992.88   0.00089468  1981     5    18     6
  230.31    9.25   23.63  988.98   0.00107493  1981     5    18    12
  229.06    9.25   26.95  989.18   0.00094037  1981     5    18    18
  227.81    9.25   27.11  984.29   0.00120160  1981     5    19     0
  226.56    9.25   25.89  984.51   0.00127978  1981     5    19     6
  225.31    9.25   28.42  978.70   0.00140249  1981     5    19    12
  224.06    9.75   27.26  982.06   0.00104280  1981     5    19    18
  222.81   10.25   24.08  982.61   0.00095456  1981     5    20     0
  221.56   10.75   22.24  986.10   0.00074755  1981     5    20     6
  220.31   11.25   24.76  981.46   0.00092877  1981     5    20    12
  219.06   11.25   27.42  982.02   0.00095199  1981     5    20    18
  217.81   11.75   27.88  980.32   0.00109431  1981     5    21     0
  217.19   12.25   24.83  981.11   0.00107212  1981     5    21     6
  216.56   12.75   26.16  979.50   0.00113176  1981     5    21    12
  215.94   13.25   28.86  981.03   0.00110566  1981     5    21    18
  215.31   13.25   30.62  978.78   0.00117356  1981     5    22     0
  214.69   13.75   28.15  979.77   0.00129578  1981     5    22     6
  214.06   14.75   28.43  980.00   0.00120668  1981     5    22    12
  214.06   15.25   29.73  983.70   0.00108153  1981     5    22    18
  213.44   15.75   27.38  980.34   0.00107828  1981     5    23     0
  212.81   16.25   26.90  982.26   0.00111612  1981     5    23     6
  212.19   17.75   27.78  983.02   0.00104176  1981     5    23    12
  212.19   18.75   27.09  982.69   0.00096507  1981     5    23    18
  212.19   20.25   24.51  983.66   0.00073833  1981     5    24     0
  213.44   21.25   21.80  988.87   0.00072323  1981     5    24     6
start    14  1981     6    15     0
  295.31    9.75   19.78  997.32   0.00078030  1981     6    15     0
  294.06   10.25   18.11  996.67   0.00072475  1981     6    15     6
  293.44   10.25   16.58  998.23   0.00071095  1981     6    15    12
  292.81   10.75   15.18  998.01   0.00049433  1981     6    15    18
  292.81   10.75   15.74  999.37   0.00042663  1981     6    16     0
  291.56   11.25   16.54  999.15   0.00053444  1981     6    16     6
  290.94   10.75   16.72  998.86   0.00063230  1981     6    16    12
  290.31   10.25   18.48  998.07   0.00061279  1981     6    16    18
  290.31   10.25   18.97  998.00   0.00057747  1981     6    17     0
  289.69    9.75   17.81  998.67   0.00059762  1981     6    17     6
  289.06    9.75   17.97  998.56   0.00051088  1981     6    17    12
  288.44    9.75   17.65  998.01   0.00053217  1981     6    17    18
  287.81    9.75   19.75  998.11   0.00059951  1981     6    18     0
  287.19   10.25   21.78  996.91   0.00070676  1981     6    18     6
start    18  1981     6    18    18
  285.31    9.75   20.11  997.12   0.00053430  1981     6    18    18
  284.69   10.25   19.83  997.64   0.00058647  1981     6    19     0
  283.44   10.25   20.68  997.01   0.00075559  1981     6    19     6
  282.19   10.25   22.68  996.23   0.00075119  1981     6    19    12
  280.94    9.75   20.23  996.02   0.00077608  1981     6    19    18
  280.31   10.25   19.60  996.64   0.00061379  1981     6    20     0
  279.06   10.25   19.35  996.79   0.00063243  1981     6    20     6
  278.44   10.75   19.92  995.89   0.00077475  1981     6    20    12
  277.81   10.75   21.13  994.36   0.00073013  1981     6    20    18
  277.81   10.75   20.06  993.48   0.00067155  1981     6    21     0
  277.19   10.75   21.32  993.85   0.00057022  1981     6    21     6
  276.56   10.75   21.34  993.22   0.00062523  1981     6    21    12
  275.31   10.75   19.92  993.41   0.00067273  1981     6    21    18
  274.69   10.25   20.50  993.72   0.00053595  1981     6    22     0
  274.06   10.25   21.45  994.49   0.00064961  1981     6    22     6
  273.44    9.75   20.91  993.94   0.00080767  1981     6    22    12
  272.81    9.75   18.75  996.15   0.00050017  1981     6    22    18
  271.56    9.75   16.55  995.92   0.00042765  1981     6    23     0
start    15  1981     7     5    12
  320.94   10.25   16.60  997.40   0.00062713  1981     7     5    12
  321.56   10.25   16.67  993.52   0.00060983  1981     7     5    18
  322.19   10.25   20.35  994.34   0.00088848  1981     7     6     0
  322.81   10.75   20.27  993.16   0.00084398  1981     7     6     6
  322.81   11.75   17.54  996.37   0.00064138  1981     7     6    12
  322.19   11.75   18.77  991.81   0.00108127  1981     7     6    18
  322.19   12.25   18.89  993.27   0.00103235  1981     7     7     0
  321.56   12.75   20.15  993.26   0.00085325  1981     7     7     6
  321.56   12.75   19.61  994.15   0.00078893  1981     7     7    12
  320.94   12.75   19.64  992.69   0.00074687  1981     7     7    18
  320.31   12.75   16.24  996.02   0.00057012  1981     7     8     0
  319.69   12.75   16.96  995.07   0.00046156  1981     7     8     6
  318.44   12.25   17.72  997.73   0.00040057  1981     7     8    12
  317.81   12.25   16.17  995.01   0.00034332  1981     7     8    18
  315.94   11.75   18.73  996.74   0.00031793  1981     7     9     0
start    19  1981     7    27    18
  150.94    7.75   18.12  993.64   0.00059263  1981     7    27    18
  150.31    8.25   22.09  991.41   0.00100025  1981     7    28     0
  150.31    8.75   21.75  987.85   0.00098104  1981     7    28     6
  150.31    9.25   21.49  990.60   0.00106248  1981     7    28    12
  150.31    9.75   19.89  989.35   0.00088691  1981     7    28    18
  150.31    9.75   19.32  992.85   0.00080692  1981     7    29     0
  150.31   10.25   23.27  989.05   0.00097197  1981     7    29     6
  150.31   10.25   21.01  992.40   0.00086652  1981     7    29    12
  150.31   10.25   19.15  992.43   0.00063315  1981     7    29    18
  150.31   10.25   18.59  995.53   0.00058576  1981     7    30     0
  150.94   10.75   16.71  991.73   0.00070638  1981     7    30     6
  150.94   10.75   16.96  994.24   0.00054720  1981     7    30    12
  150.94   10.75   18.49  991.45   0.00055149  1981     7    30    18
  150.94   10.75   24.29  990.05   0.00083352  1981     7    31     0
  150.31   10.75   24.25  985.73   0.00098282  1981     7    31     6
  149.69   10.25   28.86  988.11   0.00104586  1981     7    31    12
  149.06    9.75   24.79  989.78   0.00093368  1981     7    31    18
  148.44    9.75   22.84  995.06   0.00077149  1981     8     1     0
  147.19    9.25   19.29  992.88   0.00066232  1981     8     1     6
start    14  1981     8     9     6
  227.19   12.25   22.46  994.97   0.00064755  1981     8     9     6
  225.31   11.75   23.20  992.22   0.00065549  1981     8     9    12
  224.06   11.75   27.46  990.28   0.00095573  1981     8     9    18
  222.81   11.75   27.31  987.52   0.00088664  1981     8    10     0
  221.56   12.25   24.31  989.23   0.00084273  1981     8    10     6
  220.31   12.75   25.54  988.83   0.00101290  1981     8    10    12
  219.06   12.75   22.75  992.14   0.00068918  1981     8    10    18
  217.81   13.25   21.47  990.97   0.00063606  1981     8    11     0
  217.19   13.75   21.06  992.12   0.00075107  1981     8    11     6
  215.94   13.75   21.87  992.97   0.00066709  1981     8    11    12
  215.31   14.75   21.47  994.68   0.00068894  1981     8    11    18
  214.69   15.25   19.49  994.69   0.00059156  1981     8    12     0
  214.06   16.25   18.34  996.64   0.00071980  1981     8    12     6
  213.44   16.25   17.15  996.70   0.00055783  1981     8    12    12
start    15  1981     8     9    18
   43.44    8.25   21.91  992.07   0.00079528  1981     8     9    18
   41.56    8.25   22.83  990.28   0.00096849  1981     8    10     0
   40.31    8.25   23.44  989.45   0.00115199  1981     8    10     6
   39.06    8.25   22.95  988.29   0.00084210  1981     8    10    12
   37.81    8.75   27.33  987.49   0.00112155  1981     8    10    18
   36.56    9.25   27.82  987.81   0.00091913  1981     8    11     0
   35.31   10.25   26.74  988.94   0.00113883  1981     8    11     6
   33.44   11.25   25.31  989.31   0.00096327  1981     8    11    12
   32.81   12.25   25.30  988.03   0.00103306  1981     8    11    18
   32.19   13.25   24.50  985.59   0.00131884  1981     8    12     0
   32.19   13.75   20.96  990.20   0.00075372  1981     8    12     6
   32.19   14.25   19.07  988.80   0.00086968  1981     8    12    12
   32.81   14.25   19.34  990.97   0.00084015  1981     8    12    18
   32.81   13.75   17.45  990.88   0.00061182  1981     8    13     0
   32.81   13.75   16.16  992.87   0.00049588  1981     8    13     6
start    19  1981     8    28    18
  209.06    6.75   19.83  999.28   0.00074116  1981     8    28    18
  207.19    7.25   17.94  998.27   0.00055665  1981     8    29     0
  204.69    7.75   17.93 1000.22   0.00048194  1981     8    29     6
  202.81    7.75   18.37  997.60   0.00069344  1981     8    29    12
  201.56    8.25   20.16  995.88   0.00089401  1981     8    29    18
  200.94    8.75   21.03  994.98   0.00071706  1981     8    30     0
  199.69    9.75   20.79  996.08   0.00069298  1981     8    30     6
  197.81   10.75   20.76  995.83   0.00084647  1981     8    30    12
  196.56   11.25   18.41  997.42   0.00082731  1981     8    30    18
  195.94   11.75   16.90  996.89   0.00048597  1981     8    31     0
  194.69   12.25   16.96  998.00   0.00042573  1981     8    31     6
  194.06   12.25   15.34  998.07   0.00044809  1981     8    31    12
  193.44   12.25   16.14  998.78   0.00044786  1981     8    31    18
  192.81   12.75   17.26  998.24   0.00040916  1981     9     1     0
  191.56   12.75   16.07  997.66   0.00038576  1981     9     1     6
  190.94   12.75   15.59  997.72   0.00042853  1981     9     1    12
  190.31   12.75   19.88  997.07   0.00058835  1981     9     1    18
  189.06   12.25   18.71  996.89   0.00053235  1981     9     2     0
  188.44   12.25   18.68  996.85   0.00052091  1981     9     2     6
start    13  1981    10     2     6
  110.94    9.25   24.33  991.52   0.00087570  1981    10     2     6
  110.31    9.25   25.32  990.20   0.00109117  1981    10     2    12
  109.69    8.75   20.72  992.43   0.00079252  1981    10     2    18
  109.69    9.25   21.54  993.02   0.00098839  1981    10     3     0
  108.44    9.75   19.98  994.40   0.00071667  1981    10     3     6
  107.81    9.75   18.31  995.06   0.00065496  1981    10     3    12
  107.19   10.25   21.59  994.48   0.00065608  1981    10     3    18
  106.56   10.25   22.64  991.71   0.00092316  1981    10     4     0
  105.94   10.25   24.15  990.89   0.00079542  1981    10     4     6
  104.69   10.75   23.06  991.57   0.00083850  1981    10     4    12
  104.06   10.75   22.16  990.22   0.00090270  1981    10     4    18
  102.81   11.25   23.51  988.89   0.00090801  1981    10     5     0
  101.56   11.75   27.22  984.50   0.00155467  1981    10     5     6
start    12  1981    10     3     6
   76.56   12.75   19.07  993.98   0.00059454  1981    10     3     6
   75.31   12.75   21.27  989.99   0.00083171  1981    10     3    12
   74.69   12.75   21.38  993.21   0.00064063  1981    10     3    18
   73.44   12.75   21.68  992.14   0.00069080  1981    10     4     0
   72.19   12.75   20.52  993.75   0.00073731  1981    10     4     6
   71.56   12.75   17.19  992.05   0.00069390  1981    10     4    12
   71.56   13.25   18.00  994.36   0.00056709  1981    10     4    18
   70.94   13.75   17.72  991.25   0.00064415  1981    10     5     0
   70.31   13.75   16.03  993.49   0.00048038  1981    10     5     6
   70.94   14.25   16.69  990.63   0.00047220  1981    10     5    12
   71.56   14.75   18.51  991.28   0.00069890  1981    10     5    18
   72.19   14.75   18.09  989.97   0.00052096  1981    10     6     0
start    21  1981    10    11     6
  252.19    9.25   16.16  998.72   0.00056735  1981    10    11     6
  251.56    9.75   17.10  996.90   0.00046592  1981    10    11    12
  250.31   10.25   16.12  998.46   0.00044046  1981    10    11    18
  249.06   10.75   14.12  996.76   0.00042615  1981    10    12     0
  248.44   10.75   14.45  998.44   0.00047717  1981    10    12     6
  247.81   11.25   15.72  995.95   0.00051459  1981    10    12    12
  247.19   11.75   17.27  996.44   0.00071789  1981    10    12    18
  247.19   11.75   18.59  994.32   0.00056116  1981    10    13     0
  245.94   12.25   17.89  996.58   0.00061370  1981    10    13     6
  245.31   12.25   17.02  995.14   0.00052705  1981    10    13    12
  244.69   12.25   17.67  997.08   0.00054311  1981    10    13    18
  244.06   12.25   17.16  995.18   0.00053482  1981    10    14     0
  244.06   12.25   16.88  998.19   0.00055432  1981    10    14     6
  243.44   12.25   17.62  997.23   0.00068549  1981    10    14    12
  242.81   12.25   17.28  999.51   0.00052607  1981    10    14    18
  241.56   12.25   15.42  997.13   0.00040528  1981    10    15     0
  240.31   12.25   14.98  999.84   0.00034066  1981    10    15     6
  239.06   12.25   16.06  997.73   0.00048451  1981    10    15    12
  237.81   11.75   19.79  998.85   0.00077538  1981    10    15    18
  237.19   11.75   16.05  997.52   0.00046236  1981    10    16     0
  235.94   12.25   15.52  999.85   0.00040893  1981    10    16     6
start    14  1981    10    23     6
  320.31    8.25   15.24  999.45   0.00040549  1981    10    23     6
  319.06    7.75   19.59 1000.33   0.00056353  1981    10    23    12
  317.81    7.75   18.00  998.08   0.00050641  1981    10    23    18
  315.94    7.75   17.43 1000.11   0.00040906  1981    10    24     0
  314.69    7.75   20.10  998.60   0.00049594  1981    10    24     6
  312.81    7.75   22.64  998.68   0.00084656  1981    10    24    12
  310.94    7.75   19.53  997.59   0.00064420  1981    10    24    18
  309.06    8.25   19.40  998.57   0.00067736  1981    10    25     0
  307.19    8.75   19.14  997.67   0.00056296  1981    10    25     6
  305.31    9.25   17.42  999.31   0.00060500  1981    10    25    12
  304.06    9.25   16.59  997.17   0.00055390  1981    10    25    18
  302.19    9.75   14.71  999.58   0.00040768  1981    10    26     0
  301.56    9.25   17.41  997.06   0.00071734  1981    10    26     6
  300.94    9.25   20.49  998.43   0.00087966  1981    10    26    12
start    13  1981    11     9     6
  340.31    9.75   17.37  996.83   0.00081714  1981    11     9     6
  339.69   10.25   16.52  997.98   0.00065664  1981    11     9    12
  339.06   10.75   16.84  995.46   0.00062350  1981    11     9    18
  338.44   11.25   18.71  997.03   0.00060605  1981    11    10     0
  337.81   11.25   19.99  994.50   0.00074259  1981    11    10     6
  337.19   11.75   21.21  995.38   0.00086763  1981    11    10    12
  336.56   11.75   22.81  993.10   0.00086209  1981    11    10    18
  335.94   12.25   25.06  993.99   0.00114705  1981    11    11     0
  335.31   12.25   22.60  992.90   0.00092363  1981    11    11     6
  334.69   12.25   19.74  997.47   0.00073025  1981    11    11    12
  334.06   12.75   18.80  995.86   0.00061307  1981    11    11    18
  332.81   12.75   18.07  998.73   0.00056798  1981    11    12     0
  332.19   12.25   17.36  998.30   0.00049573  1981    11    12     6
start    12  1981    11    15     6
  100.31    9.25   17.36  996.60   0.00063565  1981    11    15     6
   99.69   10.25   18.31  995.54   0.00070843  1981    11    15    12
   99.06   10.75   16.92  995.87   0.00063986  1981    11    15    18
   98.44   11.25   16.34  995.28   0.00067089  1981    11    16     0
   97.81   11.75   17.28  996.54   0.00061473  1981    11    16     6
   97.81   12.75   17.85  995.48   0.00084950  1981    11    16    12
   97.81   12.75   18.03  997.06   0.00067860  1981    11    16    18
   97.19   12.75   18.98  995.22   0.00073248  1981    11    17     0
   97.19   13.25   18.71  996.11   0.00067845  1981    11    17     6
   97.19   12.75   18.72  996.82   0.00062694  1981    11    17    12
   96.56   12.75   18.74  997.03   0.00058572  1981    11    17    18
   95.94   12.25   20.15  997.55   0.00042394  1981    11    18     0
start    12  1981    11    19    18
   18.44    7.75   17.52  993.55   0.00061582  1981    11    19    18
   17.81    7.75   16.48  992.95   0.00062511  1981    11    20     0
   17.81    7.75   20.94  992.69   0.00112880  1981    11    20     6
   17.19    7.75   19.43  992.41   0.00077459  1981    11    20    12
   16.56    7.75   19.89  992.58   0.00075836  1981    11    20    18
   15.94    7.25   23.60  989.40   0.00133258  1981    11    21     0
   15.31    7.25   25.67  991.15   0.00094485  1981    11    21     6
   15.31    6.75   23.54  993.71   0.00079861  1981    11    21    12
   14.06    6.75   22.52  993.71   0.00080100  1981    11    21    18
   13.44    6.25   20.48  995.23   0.00060033  1981    11    22     0
   12.81    6.25   19.71  994.37   0.00055220  1981    11    22     6
   12.19    6.25   20.72  994.62   0.00056439  1981    11    22    12
start    13  1981    11    20     0
   31.56    8.25   21.87  990.07   0.00089014  1981    11    20     0
   30.31    8.75   21.59  992.28   0.00099698  1981    11    20     6
   29.69    9.25   19.64  990.78   0.00083914  1981    11    20    12
   29.06    9.25   17.47  992.84   0.00058233  1981    11    20    18
   28.44    9.75   16.94  993.57   0.00054172  1981    11    21     0
   27.81   10.25   18.38  993.82   0.00075074  1981    11    21     6
   27.19   10.25   19.50  990.93   0.00084176  1981    11    21    12
   27.19   10.75   24.94  988.21   0.00119859  1981    11    21    18
   26.56   10.75   25.73  985.93   0.00138231  1981    11    22     0
   25.94   10.75   25.03  990.61   0.00099065  1981    11    22     6
   25.31   10.75   24.14  991.41   0.00086476  1981    11    22    12
   24.06   10.75   20.53  994.93   0.00063629  1981    11    22    18
   22.81   10.75   20.81  995.06   0.00064680  1981    11    23     0
start    13  1981    11    24    18
  209.06   10.25   17.92  997.95   0.00042290  1981    11    24    18
  207.81   10.75   20.49  994.78   0.00080611  1981    11    25     0
  206.56   11.75   22.92  993.02   0.00096070  1981    11    25     6
  205.31   12.25   23.44  990.31   0.00104658  1981    11    25    12
  204.69   12.75   25.04  989.67   0.00110235  1981    11    25    18
  203.44   13.25   23.33  988.49   0.00119143  1981    11    26     0
  202.81   13.25   20.56  992.35   0.00076673  1981    11    26     6
  202.19   13.75   20.96  991.11   0.00075060  1981    11    26    12
  202.19   13.75   23.16  987.72   0.00127116  1981    11    26    18
  202.19   13.75   21.13  989.47   0.00072256  1981    11    27     0
  202.19   13.75   19.10  992.19   0.00075314  1981    11    27     6
  202.19   13.75   19.81  992.22   0.00065795  1981    11    27    12
  202.19   13.75   16.44  993.95   0.00057630  1981    11    27    18
start    18  1981    12     8     6
  165.31    9.75   18.55  998.74   0.00049693  1981    12     8     6
  164.06    9.25   15.13 1000.57   0.00043663  1981    12     8    12
  162.19    8.75   15.13  999.16   0.00032678  1981    12     8    18
  160.31    8.75   15.98 1000.99   0.00036916  1981    12     9     0
  158.44    9.25   15.93  999.61   0.00030512  1981    12     9     6
  156.56    9.25   16.70 1001.04   0.00041555  1981    12     9    12
  154.69    9.75   21.21  998.71   0.00074001  1981    12     9    18
  153.44   10.25   19.75  999.47   0.00063020  1981    12    10     0
  152.19   11.25   17.51  997.81   0.00046748  1981    12    10     6
  150.94   12.25   17.53 1000.41   0.00039004  1981    12    10    12
  149.69   13.25   18.78  998.74   0.00063337  1981    12    10    18
  149.06   14.75   20.04  999.13   0.00081449  1981    12    11     0
  149.06   15.75   18.14  997.82   0.00058212  1981    12    11     6
  149.06   16.25   18.09 1001.01   0.00052206  1981    12    11    12
  148.44   17.25   16.03  999.80   0.00053419  1981    12    11    18
  148.44   18.25   16.11 1001.42   0.00056093  1981    12    12     0
  148.44   19.25   17.32  999.11   0.00062280  1981    12    12     6
  148.44   20.25   16.35 1001.97   0.00051346  1981    12    12    12
