start    12  1983     1     1     6
   95.94   11.25   19.68  989.81   0.00064017  1983     1     1     6
   96.56   11.25   19.72  989.44   0.00063339  1983     1     1    12
   96.56   12.25   19.17  990.20   0.00089010  1983     1     1    18
   96.56   12.25   23.69  987.32   0.00104617  1983     1     2     0
   96.56   12.25   23.29  988.70   0.00087291  1983     1     2     6
   97.19   13.25   21.57  988.13   0.00089575  1983     1     2    12
   96.56   13.75   21.19  988.31   0.00083967  1983     1     2    18
   96.56   13.75   23.65  988.66   0.00074439  1983     1     3     0
   96.56   14.75   24.10  987.37   0.00077980  1983     1     3     6
   97.19   15.25   21.45  986.62   0.00083814  1983     1     3    12
   97.81   15.25   22.35  988.38   0.00094226  1983     1     3    18
   98.44   15.75   20.19  988.62   0.00074932  1983     1     4     0
start    13  1983     2     8    12
  114.69    9.75   21.57  990.36   0.00063469  1983     2     8    12
  114.06    9.75   26.09  986.66   0.00099448  1983     2     8    18
  112.81    9.25   27.46  986.34   0.00114215  1983     2     9     0
  112.19    9.25   27.99  983.92   0.00125893  1983     2     9     6
  111.56    9.25   27.21  986.93   0.00085644  1983     2     9    12
  110.31    8.75   26.44  984.39   0.00100711  1983     2     9    18
  109.06    8.75   24.25  984.61   0.00124921  1983     2    10     0
  107.81    8.75   20.82  988.64   0.00085074  1983     2    10     6
  107.19    9.75   22.45  989.16   0.00078052  1983     2    10    12
  105.31   10.25   22.83  989.63   0.00083059  1983     2    10    18
  104.06   10.75   24.61  989.51   0.00082158  1983     2    11     0
  102.19   12.25   23.01  991.88   0.00081464  1983     2    11     6
  100.94   13.25   21.06  992.62   0.00065062  1983     2    11    12
start    15  1983     4    13     0
  192.81    9.75   16.08  994.72   0.00052358  1983     4    13     0
  193.44    9.75   19.37  992.47   0.00054253  1983     4    13     6
  194.06   10.25   23.66  990.76   0.00081320  1983     4    13    12
  194.06   10.25   24.53  988.06   0.00098454  1983     4    13    18
  194.69   10.75   23.75  987.17   0.00095055  1983     4    14     0
  195.31   10.25   25.94  987.09   0.00101930  1983     4    14     6
  196.56   10.25   24.54  987.70   0.00079776  1983     4    14    12
  197.19   10.75   21.83  988.36   0.00079887  1983     4    14    18
  197.81   10.75   22.49  987.95   0.00073230  1983     4    15     0
  198.44   10.75   24.31  987.77   0.00080862  1983     4    15     6
  199.06   10.75   21.58  987.24   0.00082072  1983     4    15    12
  200.31   11.25   24.76  984.43   0.00110714  1983     4    15    18
  201.56   11.25   26.17  985.60   0.00077245  1983     4    16     0
  204.69   11.75   27.40  988.24   0.00090544  1983     4    16     6
  207.81   12.75   27.35  988.01   0.00070769  1983     4    16    12
start    17  1983     4    27     6
  353.44    9.75   18.88  992.64   0.00051376  1983     4    27     6
  352.81    9.25   23.53  989.66   0.00109750  1983     4    27    12
  352.19    8.75   22.94  988.39   0.00078983  1983     4    27    18
  351.56    8.75   26.16  988.53   0.00085664  1983     4    28     0
  350.31    8.75   28.87  985.43   0.00114382  1983     4    28     6
  349.69    8.25   26.31  988.33   0.00124869  1983     4    28    12
  348.44    8.25   24.40  989.99   0.00069007  1983     4    28    18
  347.81    7.75   25.12  992.36   0.00073090  1983     4    29     0
  346.56    8.25   25.33  988.16   0.00100172  1983     4    29     6
  345.31    8.25   25.18  988.82   0.00075086  1983     4    29    12
  344.06    8.25   25.96  986.96   0.00077669  1983     4    29    18
  342.81    8.75   26.36  988.37   0.00078191  1983     4    30     0
  341.56    9.25   23.88  986.79   0.00090283  1983     4    30     6
  340.94    9.75   23.61  988.03   0.00085587  1983     4    30    12
  340.31    9.75   23.34  986.91   0.00082784  1983     4    30    18
  339.69   10.25   25.69  987.24   0.00076175  1983     5     1     0
  338.44   10.75   25.57  985.48   0.00109665  1983     5     1     6
start    17  1983     5     8     0
  245.94    7.75   17.39  993.77   0.00082171  1983     5     8     0
  245.94    7.75   18.23  994.91   0.00073814  1983     5     8     6
  245.31    7.75   18.15  993.65   0.00078546  1983     5     8    12
  244.69    8.25   16.67  996.58   0.00065539  1983     5     8    18
  244.06    8.25   18.40  993.01   0.00079949  1983     5     9     0
  243.44    8.25   21.19  996.05   0.00066234  1983     5     9     6
  242.19    8.75   23.48  993.17   0.00074183  1983     5     9    12
  240.94    9.75   23.90  993.70   0.00088329  1983     5     9    18
  239.69   10.25   20.93  992.05   0.00081855  1983     5    10     0
  239.06   10.25   20.02  993.61   0.00077745  1983     5    10     6
  238.44   11.25   22.63  991.77   0.00081710  1983     5    10    12
  237.19   11.75   24.22  991.70   0.00101349  1983     5    10    18
  236.56   11.75   23.77  988.10   0.00097393  1983     5    11     0
  235.94   11.75   23.41  993.80   0.00072032  1983     5    11     6
  235.31   12.25   23.03  992.81   0.00080351  1983     5    11    12
  234.06   12.25   24.17  995.21   0.00072122  1983     5    11    18
  232.81   12.25   19.95  993.80   0.00050764  1983     5    12     0
start    12  1983     6    18     6
  188.44   10.25   16.09  998.30   0.00057805  1983     6    18     6
  187.81   10.25   17.65  996.61   0.00071533  1983     6    18    12
  186.56   10.75   19.55  994.85   0.00089282  1983     6    18    18
  185.31   10.75   21.59  994.02   0.00100063  1983     6    19     0
  184.06   10.75   18.72  994.20   0.00078140  1983     6    19     6
  183.44   11.25   18.52  996.30   0.00046018  1983     6    19    12
  182.19   11.75   16.90  995.11   0.00059178  1983     6    19    18
  181.56   11.75   19.08  995.48   0.00073672  1983     6    20     0
  180.94   12.25   16.85  994.98   0.00064626  1983     6    20     6
  180.31   12.75   18.72  996.55   0.00059696  1983     6    20    12
  179.69   12.75   18.90  995.50   0.00056908  1983     6    20    18
  179.06   12.75   17.36  996.19   0.00044071  1983     6    21     0
start    20  1983     6    26    18
   25.94    9.25   20.06  993.67   0.00079676  1983     6    26    18
   25.31    9.25   21.63  990.25   0.00100160  1983     6    27     0
   24.69    9.25   24.16  991.15   0.00102849  1983     6    27     6
   24.06    9.75   23.90  989.33   0.00097675  1983     6    27    12
   23.44    9.75   24.97  988.67   0.00095217  1983     6    27    18
   22.19    9.75   27.38  985.72   0.00125347  1983     6    28     0
   21.56   10.25   28.97  986.98   0.00122503  1983     6    28     6
   20.31   10.25   26.92  986.84   0.00098884  1983     6    28    12
   19.69   10.75   27.76  985.37   0.00104047  1983     6    28    18
   18.44   11.75   29.83  984.73   0.00128071  1983     6    29     0
   17.19   11.75   28.98  985.83   0.00110502  1983     6    29     6
   15.94   12.75   28.63  985.92   0.00110209  1983     6    29    12
   14.69   13.25   29.14  986.67   0.00091038  1983     6    29    18
   12.81   13.25   24.45  989.04   0.00077081  1983     6    30     0
   10.94   13.75   25.82  989.30   0.00075438  1983     6    30     6
    9.69   14.25   26.02  988.56   0.00094523  1983     6    30    12
    8.44   15.25   24.41  992.33   0.00088186  1983     6    30    18
    7.19   15.75   22.50  994.01   0.00066778  1983     7     1     0
    6.56   16.25   20.28  995.33   0.00056477  1983     7     1     6
    5.94   17.25   20.37  996.71   0.00055185  1983     7     1    12
start    13  1983     7    20    12
   35.31    6.25   18.48  996.79   0.00057423  1983     7    20    12
   33.44    6.25   25.36  996.03   0.00092569  1983     7    20    18
   31.56    6.25   27.26  994.13   0.00102010  1983     7    21     0
   29.06    6.25   27.01  995.11   0.00088543  1983     7    21     6
   27.19    6.25   24.36  995.21   0.00081055  1983     7    21    12
   25.31    5.75   23.08  998.39   0.00084345  1983     7    21    18
   22.81    5.75   21.51  998.66   0.00061662  1983     7    22     0
   20.94    6.25   23.40  998.34   0.00081483  1983     7    22     6
   18.44    6.75   20.87  998.61   0.00060882  1983     7    22    12
   15.94    6.75   20.36  999.98   0.00054449  1983     7    22    18
   12.81    6.75   18.99  999.85   0.00039678  1983     7    23     0
   10.31    6.75   21.14 1000.02   0.00051932  1983     7    23     6
    7.19    6.75   21.52 1000.14   0.00057985  1983     7    23    12
start    21  1983     8    12    12
  122.19    7.75   16.86  997.31   0.00044671  1983     8    12    12
  120.94    7.75   17.96  995.21   0.00062522  1983     8    12    18
  119.69    7.75   18.49  994.50   0.00073641  1983     8    13     0
  119.06    8.25   22.75  990.62   0.00089375  1983     8    13     6
  117.81    7.75   22.57  990.48   0.00103472  1983     8    13    12
  117.19    7.75   23.78  985.85   0.00104384  1983     8    13    18
  116.56    8.25   29.84  980.71   0.00145083  1983     8    14     0
  115.31    8.25   27.21  980.46   0.00121531  1983     8    14     6
  114.69    8.25   28.32  981.29   0.00117478  1983     8    14    12
  113.44    8.25   25.83  984.56   0.00097843  1983     8    14    18
  112.19    8.75   25.36  985.91   0.00089752  1983     8    15     0
  110.94    9.25   26.61  984.24   0.00097616  1983     8    15     6
  110.31    9.25   29.68  984.30   0.00105706  1983     8    15    12
  109.06    9.75   25.25  984.06   0.00102729  1983     8    15    18
  107.81   10.25   25.00  987.79   0.00082888  1983     8    16     0
  107.19   10.75   24.52  987.36   0.00091667  1983     8    16     6
  106.56   10.75   23.42  987.77   0.00078211  1983     8    16    12
  105.94   11.25   24.58  984.65   0.00102013  1983     8    16    18
  105.31   11.25   26.82  988.49   0.00079477  1983     8    17     0
  104.69   11.75   23.69  988.48   0.00083126  1983     8    17     6
  104.06   11.75   21.39  990.68   0.00068584  1983     8    17    12
start    16  1983     8    14     6
  140.31    9.75   19.03  994.10   0.00050099  1983     8    14     6
  139.06   10.75   19.08  997.17   0.00045342  1983     8    14    12
  137.81   11.75   17.30  996.66   0.00038836  1983     8    14    18
  136.56   12.75   18.09  999.01   0.00044025  1983     8    15     0
  135.31   13.25   18.28  994.67   0.00065443  1983     8    15     6
  134.69   13.25   20.62  996.32   0.00061691  1983     8    15    12
  133.44   13.25   19.96  994.68   0.00064080  1983     8    15    18
  132.81   13.25   20.72  996.38   0.00056708  1983     8    16     0
  131.56   13.25   16.42  995.03   0.00053873  1983     8    16     6
  130.31   13.25   16.17  997.42   0.00048413  1983     8    16    12
  129.06   13.25   17.33  995.88   0.00040916  1983     8    16    18
  127.81   13.75   18.84  997.73   0.00045132  1983     8    17     0
  126.56   14.25   18.93  995.66   0.00061877  1983     8    17     6
  125.31   14.75   20.95  997.67   0.00075320  1983     8    17    12
  124.06   15.25   16.40  998.88   0.00054470  1983     8    17    18
  122.81   15.25   16.68 1001.11   0.00044877  1983     8    18     0
start    12  1983     8    15     6
  152.81    9.75   18.04  992.72   0.00070466  1983     8    15     6
  152.19   10.25   23.84  993.44   0.00090400  1983     8    15    12
  151.56   10.25   24.07  991.41   0.00089417  1983     8    15    18
  150.31   10.75   23.80  993.37   0.00102484  1983     8    16     0
  149.69   10.75   19.42  991.75   0.00077699  1983     8    16     6
  149.06   10.75   19.77  995.40   0.00061813  1983     8    16    12
  147.81   11.25   20.62  992.37   0.00070339  1983     8    16    18
  146.56   10.75   21.82  994.28   0.00072480  1983     8    17     0
  145.94   10.75   22.68  991.21   0.00097394  1983     8    17     6
  144.69   10.75   20.64  996.92   0.00054887  1983     8    17    12
  144.06   11.25   19.43  995.74   0.00053916  1983     8    17    18
  142.81   11.75   18.89  999.10   0.00059392  1983     8    18     0
start    31  1983    10    15     6
  343.44    7.75   20.68  995.78   0.00056485  1983    10    15     6
  342.19    8.25   19.54  997.36   0.00047592  1983    10    15    12
  340.94    8.25   16.32  993.19   0.00051978  1983    10    15    18
  340.31    8.75   16.33  995.92   0.00044596  1983    10    16     0
  339.06    9.25   17.91  994.31   0.00050994  1983    10    16     6
  337.81    9.25   18.07  995.59   0.00057508  1983    10    16    12
  336.56    9.25   17.50  993.49   0.00050088  1983    10    16    18
  335.94    9.75   21.22  994.23   0.00068767  1983    10    17     0
  334.06   10.25   22.47  991.58   0.00085978  1983    10    17     6
  332.81   10.25   22.93  992.12   0.00086816  1983    10    17    12
  332.19   10.75   25.97  986.90   0.00099845  1983    10    17    18
  330.94   11.75   24.90  989.98   0.00080701  1983    10    18     0
  330.31   11.75   25.25  985.84   0.00092871  1983    10    18     6
  329.06   12.25   26.09  986.48   0.00107321  1983    10    18    12
  328.44   12.25   24.25  987.24   0.00083529  1983    10    18    18
  327.19   12.25   23.34  989.29   0.00079707  1983    10    19     0
  325.94   12.25   24.91  986.58   0.00097961  1983    10    19     6
  325.31   12.25   27.09  988.31   0.00095635  1983    10    19    12
  324.06   12.75   25.45  985.05   0.00113122  1983    10    19    18
  323.44   12.75   24.33  989.30   0.00091469  1983    10    20     0
  322.19   12.75   24.30  988.42   0.00080738  1983    10    20     6
  321.56   12.75   26.23  990.18   0.00076593  1983    10    20    12
  320.31   12.75   24.34  989.93   0.00067909  1983    10    20    18
  319.06   12.75   21.39  992.92   0.00061826  1983    10    21     0
  317.81   13.25   21.98  992.14   0.00071177  1983    10    21     6
  316.56   13.25   22.49  994.40   0.00064460  1983    10    21    12
  315.31   13.75   21.43  993.84   0.00063376  1983    10    21    18
  314.69   14.25   20.81  996.42   0.00074721  1983    10    22     0
  314.06   14.75   20.25  996.03   0.00064066  1983    10    22     6
  312.81   15.25   18.37  999.18   0.00048677  1983    10    22    12
  312.19   16.25   16.51  998.00   0.00041707  1983    10    22    18
start    26  1983    10    22    12
   31.56    7.25   19.02  995.49   0.00059039  1983    10    22    12
   30.94    7.75   19.96  995.49   0.00093243  1983    10    22    18
   29.69    8.25   21.22  993.09   0.00110669  1983    10    23     0
   28.44    8.75   18.70  995.78   0.00079641  1983    10    23     6
   27.81    8.75   19.00  993.49   0.00098039  1983    10    23    12
   27.81    9.25   19.40  996.65   0.00068772  1983    10    23    18
   26.56    9.75   17.24  995.65   0.00087482  1983    10    24     0
   26.56   10.25   18.82  993.58   0.00114703  1983    10    24     6
   26.56   10.75   17.91  993.10   0.00081200  1983    10    24    12
   26.56   10.75   21.70  993.01   0.00094239  1983    10    24    18
   25.94   10.75   22.41  993.05   0.00087982  1983    10    25     0
   25.31   10.25   18.29  996.14   0.00064163  1983    10    25     6
   24.06   10.25   18.63  995.59   0.00061963  1983    10    25    12
   23.44    9.75   22.32  994.45   0.00088294  1983    10    25    18
   22.81    9.75   21.80  993.22   0.00093737  1983    10    26     0
   21.56    9.75   20.29  995.75   0.00073974  1983    10    26     6
   20.31    9.75   19.40  995.55   0.00068821  1983    10    26    12
   19.06   10.25   20.41  996.90   0.00061112  1983    10    26    18
   17.19   10.25   20.56  996.69   0.00063821  1983    10    27     0
   15.94   10.75   20.39  995.04   0.00074521  1983    10    27     6
   14.69   11.25   19.57  994.55   0.00065839  1983    10    27    12
   13.44   11.75   18.36  996.29   0.00047039  1983    10    27    18
   12.81   12.25   18.85  995.60   0.00050778  1983    10    28     0
   12.19   13.25   18.87  995.28   0.00062389  1983    10    28     6
   11.56   14.25   18.60  995.34   0.00058947  1983    10    28    12
   12.19   14.75   19.21  994.73   0.00063982  1983    10    28    18
start    24  1983    11    20    18
  207.81    6.25   16.97  995.60   0.00068476  1983    11    20    18
  206.56    6.25   20.22  993.71   0.00069968  1983    11    21     0
  204.69    6.25   18.39  995.24   0.00069774  1983    11    21     6
  202.81    6.25   19.22  993.68   0.00078943  1983    11    21    12
  201.56    6.25   22.13  991.94   0.00090500  1983    11    21    18
  200.31    6.75   22.25  989.93   0.00096248  1983    11    22     0
  199.69    7.75   24.35  990.35   0.00099750  1983    11    22     6
  198.44    8.25   20.78  991.62   0.00082606  1983    11    22    12
  197.19    8.25   20.80  992.36   0.00084719  1983    11    22    18
  196.56    8.75   20.08  992.05   0.00075527  1983    11    23     0
  195.31    9.25   21.86  990.63   0.00096667  1983    11    23     6
  194.69    9.25   20.08  993.12   0.00085877  1983    11    23    12
  194.06    9.75   18.93  993.62   0.00060884  1983    11    23    18
  192.81    9.75   19.48  993.44   0.00055776  1983    11    24     0
  192.19   10.25   19.28  993.90   0.00051336  1983    11    24     6
  190.94   10.75   18.66  994.03   0.00054328  1983    11    24    12
  190.31   10.75   22.07  990.16   0.00087199  1983    11    24    18
  189.69   10.75   23.44  988.72   0.00101118  1983    11    25     0
  189.06   10.75   21.83  990.51   0.00070544  1983    11    25     6
  188.44   10.75   21.64  992.39   0.00063568  1983    11    25    12
  188.44   10.75   20.75  991.36   0.00075460  1983    11    25    18
  188.44   11.25   19.85  993.00   0.00073426  1983    11    26     0
  188.44   11.25   18.37  994.45   0.00053054  1983    11    26     6
  188.44   11.25   16.19  995.58   0.00047608  1983    11    26    12
start    15  1983    12    22    12
  219.06    7.75   16.65  995.30   0.00048230  1983    12    22    12
  219.06    7.75   19.45  995.08   0.00071432  1983    12    22    18
  218.44    8.25   18.60  992.92   0.00053938  1983    12    23     0
  217.81    8.75   20.29  994.36   0.00078951  1983    12    23     6
  217.19    9.25   19.89  993.54   0.00067431  1983    12    23    12
  216.56    9.75   20.74  994.09   0.00085580  1983    12    23    18
  215.94    9.75   21.69  993.93   0.00086056  1983    12    24     0
  214.69    9.75   21.32  995.38   0.00070862  1983    12    24     6
  212.81   10.25   24.11  994.76   0.00071045  1983    12    24    12
  210.31   10.25   24.32  995.64   0.00077388  1983    12    24    18
  207.81    9.75   22.83  994.67   0.00074668  1983    12    25     0
  205.94    9.75   24.44  996.11   0.00077118  1983    12    25     6
  203.44    9.75   25.15  995.51   0.00077160  1983    12    25    12
  200.94   10.25   22.71  996.93   0.00070929  1983    12    25    18
  197.81   10.75   19.58  997.01   0.00055797  1983    12    26     0
